0997967022
0989630350
0989203003
0987949468
0988378531
0988378248
0989630002
0997911161
0987949116
0989629611
0988378009
0997829455
0987949044
0989628878
0997766026
0988377743
0987948924
0989628711
0997742622
0988377699
0988804039
0989202434
0988377595
0987948835
0988377556
0989628295
0989202061
0997683999
0987948789
0988377547
0987948697
0997649712
0988803807
0989628089
0988377536
0987948617
0988377433
0989627727
0997377377
0988803161
0987948594
0988377417
0987947745
0989627628
0988803057
0988377337
0987947655
0989626921
0988802918
0988377304
0987947637
0989201598
0989626787
0988802754
0989626634
0988802490
0989201481
0987947545
0988377064
0989626454
0988802264
0989626420
0988376525
0988802212
0997306402
0989201182
0987947046
0989625941
0988802162
0989200723
0987946889
0989625905
0988801937
0989200558
0987946472
0989625865
0989200535
0987946330
0997139779
0989625855
0987946122
0989200440
0989625634
0989625622
0988376035
0987945870
0989200384
0989624444
0988376005
0996999371
0988375795
0987945791
0988801673
0989200138
0996961994
0988375541
0988374985
0989624155
0988374231
0988374187
0988801333
0989199985
0987945220
0996926851
0989199818
0988801186
0987943948
0996866313
0988373544
0989199771
0988801139
0996800560
0989199691
0988801043
0987943653
0989199601
0996727292
0987943321
0988800568
0988373240
0989624024
0988373121
0989624016
0987942767
0988800034
0996696619
0989199353
0988373001
0989623892
0987942715
0988799993
0996661910
0989199171
0988372997
0989623739
0996661345
0989199068
0987942513
0988799878
0988372903
0989623700
0988372879
0989623598
0989198919
0996660701
0989623283
0988372847
0989197537
0989623153
0988372818
0989623150
0988372737
0988799515
0987941747
0989623037
0988372706
0989623008
0988372661
0987941714
0988799156
0996583710
0988799046
0988371677
0987941580
0996537752
0989622402
0989196807
0989196639
0989622298
0988371333
0987941207
0988370599
0988370401
0987940753
0989196027
0989195798
0996494983
0988370194
0989195681
0996439902
0988370072
0988798078
0989195659
0989621963
0996400400
0988370015
0988798064
0989195541
0988797635
0989621606
0996362327
0989195352
0987940131
0988797537
0989621207
0996271912
0988370001
0989194912
0987939959
0988369992
0987939900
0988369898
0987939826
0988369731
0989621125
0989194781
0996219565
0987939667
0987939267
0989620750
0996152888
0988369492
0987938579
0996131636
0988797001
0989620269
0987938485
0987938389
0996076350
0988369162
0987938296
0988369037
0987937847
0989194491
0988368807
0987937813
0989194256
0988368618
0987937691
0989194174
0995933995
0988368573
0987937616
0989194109
0988796437
0989619654
0988368483
0987937532
0989194096
0988796206
0989619424
0988368406
0987937471
0989193974
0988368104
0988795936
0989619402
0989619090
0988367765
0989193910
0987937091
0995859958
0989618803
0987936820
0995844699
0989193392
0988367680
0988795884
0988367679
0988795826
0989618049
0988795491
0988367298
0988795148
0988794994
0988367141
0989192988
0987936281
0995766666
0988794953
0988367105
0989192957
0987936279
0995661983
0988794812
0989617019
0989192929
0987935402
0995624465
0988794769
0988366996
0989616843
0989192658
0987935247
0995616889
0988794702
0988366726
0989616733
