0988399471
0982150347
0938729680
0980433985
0987178274
0986667231
0985083755
0982700131
0285403907
0981268595
0988385907
0988756158
0988868746
0984035300
0981422905
0982685312
0985630092
0988780519
0983902901
0989017983
0988923928
0980595826
0988491441
0980141778
0989971002
0988447301
0989830735
0987566209
0985536126
0982361950
0981857950
0989592694
0985817842
0988027744
0983578313
0983429948
0973762692
0985125910
0983468646
0946011154
0981404805
0986346194
0981812163
0981018875
0982998641
0988699380
0882010573
0988498803
0981443197
0983828278
0984277470
0982570850
0980261341
0985493653
0984377604
0984999911
0987016844
0989764926
0989713229
0984384164
0987984833
0982944604
0985505360
0982239250
0985686508
0984920954
0982037143
0986004138
0986981266
0984215757
0988622781
0980036812
0987163394
0984237900
0946298587
0982308129
0985364590
0987911895
0988626680
0984312058
0987559416
0989906429
0983643786
0908123649
0989319204
0784462718
0984712858
0983626808
0988074035
0982702710
0985701770
0985314840
0988015240
0984481666
0980434603
0984189905
0982002744
0981960995
0986817184
0989112448
0987500412
0984886979
0980772013
0980426085
0988884713
0988252468
0988066134
0983662531
0988455866
0982216671
0988205450
0988256554
0917064734
0986971373
0987792781
0989194174
0987810169
0985196806
0980991329
0982474280
0984620487
0984109130
0988170659
0983544367
0980137124
0988727101
0984535090
0967015419
0981324563
0989096979
0982127865
0989603014
0988796580
0984997855
0989277600
0988000159
0986566010
0986686020
0985457188
0982523018
0981814086
0988257855
0988195922
0983559205
0981886695
0982015948
0298918675
0981128128
0983674293
0989052185
0989020430
0989441661
0987916386
0888004141
0781727495
0985677574
0989669246
0980620568
0985382239
0982454726
0982091235
0980657326
0984637827
0981008423
0987946330
0983265399
0984253372
0983618288
0985813858
0584825514
0987353818
0987958943
0989548280
0983080937
0987191261
0980179386
0983792572
0984356721
0935954219
0986700226
0986372094
0988788353
0989938318
0988301562
0984508360
0989655599
0987023688
0987784070
0983930516
0982412542
0981786421
0986523799
0985400021
0982962445
0984646567
0986452079
0988516394
0980776006
0984999095
0983145624
0985441389
0985053599
0982159108
0988497526
0988395744
0982586338
0981317976
0986877859
0989484580
0982195599
0988709915
0983487285
0984026730
0987574796
0984342344
0980700425
0982690613
0986520068
0938733358
0984397758
0981976285
0985828327
0989253171
0947575425
0988227299
0981507117
0989286168
0177779164
0987145684
0987785355
0986812031
0988088304
0902361373
0988940978
0987720993
0989028527
0987453175
0986890321
0987425905
0989607528
0989631770
0984746106
0983841511
0965340626
0988885203
0984130892
0986670619
0988009180
0985093981
0981970471
0987481387
0980230955
0288352494
0985374251
0986772418
0989336462
0984881882
0985558063
0985326484
0987488532
0983303076
0988831282
0987226221
0982545677
0903886446
0989455519
0985327673
0984029337
0982954527
0983930972
0981817147
0932873283
0989648101
0987767651
0981369387
0978223496
0901375512
0984944050
0981256619
0983705080
0987035545
0986115227
0982198351
0989035643
0980312606
0983893625
0983910923
0987904902
0988703229
0989187883
0985479674
0982617404
0980256902
0917935386
0980425357
0989434984
0987997361
0986389638
0987463658
0982203855
0987627487
0980951151
0908141816
0980169931
0982435230
0982477210
0981015378
0989529530
0985169477
0903096644
0982435499
0985934949
0983066045
0987368727
0332025159
0985492056
0489183457
0987954276
0986105555
0985567694
0986540726
0985058048
0983787090
0982523710
0989947410
0980180535
0955622324
0983040441
0986078176
0980408033
0981716534
0987853904
0980062255
0987867392
0085362070
0898598832
0988082167
0347353338
0988441377
0984657179
0981118989
0986312764
0988573748
0983683450
0986263105
0982265061
0986773665
0985021181
0987958543
0983861464
0981843020
0485844927
0981995018
0799747579
0987295813
0986553811
0984620421
0985959059
0987963724
0986620942
0986293147
0982152984
0981425393
0379605894
0981267788
0368429455
0980905068
0987022170
0984312879
0989105063
0986331958
0981566026
0984150021
0986165450
0981563919
0984513322
0988424794
0984588333
0989313515
0989218028
0913115445
0982530677
0985767219
0989661109
0988171534
0981645343
0985534169
0989406515
0985827060
0981195116
0982567657
0984645195
0989951154
0984028553
0984814258
0980455948
0987549856
0987985403
0983539784
0988161414
0985459355
0988818291
0989640782
0982095946
0989053841
0986391667
0985985120
0989935950
0985561110
0987126779
0925272272
0989397110
0976955550
0982431139
0986346826
0985687120
0989699423
0981258743
0988141787
0988440291
0988324127
0987987316
0983900356
0917668154
0980124141
0984282618
0986529459
0984957587
0987803257
0989254887
0985662168
0985715970
0980380152
0988281533
0910652415
0989791463
0980481912
0188908930
0982487771
0988322027
0992660073
0981087510
0986491269
0983824931
0982982556
0986692325
0987829346
0983057826
0982213803
0982230710
0982206373
0988559700
0983255134
0982442945
0986601360
0917418100
0983374742
0989421693
0982302816
0983387607
0981566781
0983792247
0985120519
0987743787
0980330739
0985496834
0989558300
0985568550
0987435312
0982401111
0989371506
0983697523
0980429653
0981993303
0988809561
0989045847
0989571573
0988496996
0984865638
0983583978
0985155209
0986476901
0982151492
0988198612
0986432815
0986314924
0982257266
0989356288
0986244551
0985848021
0989390017
0987452293
0987936281
0982051279
0981580175
0984708388
0987845838
0985511520
0980879011
0989286715
0982513428
0986740325
0980440850
0984983309
0986817250
0989524539
0998812716
0987175318
0984774797
0983377351
0984916937
0967709507
0982083301
0989881545
0987942371
0988951972
0989355718
0983787254
0982614521
0322452431
0978304184
0989136348
0988520825
0982468635
0968001978
0965732368
0987281299
0184775558
0988431244
0986389557
0986824041
0986451922
0982468316
0982161511
0981152660
0988281720
0984055492
0989401204
0982895208
0986741679
0986157795
0982924730
0989840621
0985030483
0980293585
0981679373
0989986593
0983563089
0989092273
0985548712
0989679862
0942715153
0989163585
0986800876
0984444478
0988899500
0985050386
0986392681
0965155194
0988107635
0987622507
0985196633
0986396705
0986258262
0981232630
0982297197
0983475977
0980507960
0984600277
0987900917
0984299231
0988354378
0980598648
0986205324
0989246511
0987806788
0988570304
0989893002
0989417206
0983433992
0986619703
0982306685
0988707566
0986114490
0982465422
0986950778
0988234023
0982300408
0985211724
0987098157
0980181036
0989893352
0988434658
0986897632
0987479319
0988498738
0981750975
0985950254
0984711688
0989074152
0983297914
0984750898
0984933811
0988992330
0987501962
0905102357
0985503577
0983795308
0982612757
0985563502
0989926715
0909811138
0981829806
0989455143
0981479764
0987419685
0984158677
0986233677
0989324951
0985639627
0989383509
0987662610
0981936968
0184445547
0986973816
0984088271
0988595496
0980267204
0987103195
0980910179
0988437024
0984641755
0983010016
0981565694
0989289074
0988870567
0983592191
0985391011
0983078428
0981935116
0983179132
0985930880
0981411384
0985767785
0987384719
0984400682
0987121040
0996936350
0987196421
0984190733
0988222427
0989080119
0986734611
0989543251
0589113090
0982395401
0987333028
0987625664
0986143706
0988895588
0984312995
0989405739
0989425723
0986410918
0989023768
0987997936
0988909608
0981626494
0985695960
0987982747
0189452779
0988469169
0983114531
0488103480
0986737017
0982997829
0989686106
0982161880
0982251436
0989314453
0987978329
0980919323
0981019995
0982208204
0985496907
0983596744
0987786504
0988413676
0985493558
0987846332
0987735843
0988338033
0986746734
0988893690
0988565364
0987482838
0985544381
0983507868
0984877827
0907535069
0988994663
0989680234
0775104121
0961785064
0986972094
0980887013
0988818657
0984401544
0982039313
0987553714
0987209739
0948290408
0982841394
0982499130
0987642297
0986352803
0389094736
0932189994
0982987974
0180124647
0982963139
0989255558
0981600538
0986296769
0980831773
0947628108
0985446219
0983743964
0981024646
0986694364
0982941391
0986851293
0985705500
0984130089
0986041906
0983162226
0986467480
0988941656
0980899394
0984330345
0989844635
0980568268
0905815358
0988399251
0988477577
0982232414
0980895815
0982066556
0982286744
0931266749
0989834667
0981443790
0988352815
0989171293
0986998424
0983784031
0980945505
0988092215
0988459280
0981528997
0980207153
0981584925
0986869120
0580353469
0984298972
0984254714
0984437712
0980557909
0985983187
0982511109
0989775036
0986138965
0986880252
0989846720
0983249641
0980728943
0987612174
0985355721
0989456155
0984747141
0988513154
0983307882
0988645919
0982397619
0985739986
0984651680
0982503719
0945444206
0339624580
0986843060
0988660357
0681375202
0987084710
0987520186
0974936467
0987347703
0986442291
0389498687
0989573871
0984981048
0983884288
0987334146
0988482336
0989521201
0981258842
0969553322
0984506710
0986416949
0988943372
0987947905
0983919182
0980108847
0984331922
0986316494
0986571857
0987436162
0987998482
0483945091
0989545913
0985416031
0984308244
0987552839
0988656374
0988423066
0987056608
0985670899
0987435820
0980045102
0985636891
0985054090
0988991568
0986449231
0982917663
0983023749
0983905515
0986366251
0982344403
0984021029
0989944857
0983559447
0984690486
0982406306
0988611100
0789138867
0985082764
0980008952
0385887980
0988144336
0987972912
0986035290
0986223263
0388597778
0984195974
0988129119
0982762841
0989240094
0988580095
0986814114
0984429661
0981583820
0984645279
0988879902
0185392121
0982917609
0986558243
0931175764
0986697420
0989300271
0983996195
0922653612
0981500050
0989617426
0989656745
0944522284
0982305755
0981411472
0981032492
0985547688
0987250091
0984690552
0985853355
0986390615
0981470276
0984587108
0987106249
0986999009
0986081098
0989434373
0987388957
0984000871
0989687878
0986776152
0987838276
0985127791
0982569192
0982330818
0979937686
0980327404
0984743121
0985780831
0988048860
0987498706
0989270711
0989208329
0981332060
0989324515
0988629133
0986039746
0984227392
0981410847
0985526202
0989420788
0986393101
0983220141
0980643196
0988955965
0982172481
0989722104
0980311988
0986976234
0988507233
0985279163
0987236046
0989331575
0988876835
0986216496
0983345378
0985592325
0984671229
0989619215
0983415468
0989133753
0982318117
0984697832
0986760950
0989777259
0988169865
0983515936
0986430703
0985221878
0988234511
0988640181
0984876828
0981005544
0983313194
0988318585
0987128610
0994169200
0982552078
0980948019
0988450425
0986507982
0988911178
0987953099
0983125903
0989756043
0981439088
0983569083
0988690241
0982726692
0989668843
0981211971
0983671990
0982727782
0913317492
0983693340
0886206968
0981729914
0987355426
0983889743
0987447003
0988349530
0980918954
0982386220
0985338728
0986061704
0982252708
0989779684
0989015157
0981532729
0989254392
0984280464
0984634776
0989418626
0987845173
0987981356
0986548199
0986684288
0988964353
0987315027
0986060363
0980869834
0985911765
0985464746
0986987821
0985900254
0988984232
0988079804
0988041518
0989081690
0985968305
0984322223
0981420445
0983918680
0983740351
0984424840
0914921561
0980170755
0986031045
0989053261
0988390513
0989649288
0983686200
0984054906
0987099842
0984243869
0984507836
0989048699
0981221067
0987104523
0982440433
0986027654
0986516613
0989969593
0983395460
0987360071
0987560232
0988148977
0988763343
0982059926
0987824655
0988647535
0985302955
0983512336
0985381856
0984965912
0989200883
0982600184
0985480610
0988886667
0984189006
0981236800
0985864129
0987538715
0988548741
0985098741
0989511229
0983717619
0910937940
0984429905
0981011950
0981036901
0983998077
0985423819
0986002191
0587346564
0980476409
0988717486
0988313767
0995844699
0985301643
0983356893
0989131212
0985197417
0985263807
0984983210
0987656305
0986592063
0987372352
0938989853
0984442840
0986575573
0988151383
0983841060
0985037514
0988976717
0982008119
0985296196
0984787360
0986801944
0981323187
0980373373
0986560067
0985886260
0984157868
0986442322
0988142442
0982327251
0988855018
0987086646
0984433374
0984602839
0985251722
0986426076
0773949636
0986805500
0983161832
0982959485
0988834597
0983669840
0983941541
0900707481
0980340689
0989104106
0187843835
0988820116
0986657686
0985981132
0980652017
0981018372
0980699224
0985504920
0949410275
0983462984
0980428260
0986089731
0997253362
0987471101
0984271823
0987198527
0987041008
0988679092
0982163995
0981802551
0888897509
0988928694
0989408191
0989722947
0987052255
0982494713
0981835310
0989422966
0985619876
0986912416
0983903738
0985991019
0985790979
0985698048
0981923419
0981410951
0981564350
0988083808
0983633571
0986967962
0989882811
0987108540
0984607863
0984113163
0983602971
0987153877
0985460290
0980789451
0980529543
0983713996
0984819705
0986426004
0987682940
0982277262
0985132443
0982964613
0988244980
0986014936
0986173490
0972833637
0987350380
0989922721
0984639310
0980650287
0989201941
0982032393
0984216792
0985289468
0984580860
0985142839
0989792997
0988122335
0982999873
0984432644
0987563282
0986534795
0986931150
0684016287
0983387245
0981432582
0987821322
0984485186
0987803111
0986431971
0988572280
0980538237
0988529669
0986503391
0988924137
0982796266
0985109028
0984062500
0989359759
0986161693
0988307131
0985958190
0985757526
0989723236
0984199763
0582837896
0985405299
0989384517
0926383028
0982448834
0981027537
0982158439
0985216721
0983761400
0982191119
0984320619
0981337548
0987312447
0986268642
0989905897
0989194823
0987916616
0986998490
0957697049
0984048900
0982336044
0986408836
0988912198
0981824945
0989300112
0980421132
0986506181
0981579195
0985053819
0983461438
0986129711
0985196691
0986705916
0989519289
0984182176
0984411846
0819342387
0986609226
0984531562
0986900952
0981050244
0988162965
0981764839
0980372749
0984891486
0980332058
0982910870
0987087214
0988637988
0913723680
0982349895
0982738118
0982834673
0988046698
0954908533
0988354242
0988292810
0988168299
0986215449
0388056116
0982119470
0983762544
0983267916
0929505234
0983406423
0982302242
0985171567
0981299652
0987147805
0987618894
0087651708
0743876772
0989363651
0985962751
0989172820
0987419679
0986533000
0986699999
0986752142
0385906101
0987436016
0983270416
0988677640
0988880901
0981320142
0983751808
0989764902
0986308487
0982482888
0983421699
0352903412
0982164368
0988422279
0982940010
0988049135
0988279609
0981148930
0980316940
0986858891
0988126790
0986516956
0989951054
0987365699
0986545049
0989835000
0987912067
0989858065
0984356900
0983460704
0988710100
0785962146
0797413808
0984162604
0986997066
0767099886
0989631056
0981500929
0989356413
0982879917
0987678658
0987210315
0980916193
0984948400
0985880438
0983556595
0989189434
0981361867
0988522927
0981838267
0988748960
0987711098
0985628589
0989227154
0980072990
0983868805
0987122090
0985670543
0983287311
0987094746
0981936889
0986960531
0988667934
0989074183
0985806723
0989118924
0983911505
0985185844
0983720793
0986878446
0989148471
0980151050
0986118549
0985201247
0982521682
0985009088
0986516112
0985624562
0980205182
0981800536
0982363376
0938545842
0981504834
0901001633
0988673524
0985106889
0984266103
0986447541
0987555599
0987411435
0980420220
0328032408
0989421112
0986001526
0980536070
0989281517
0989104204
0982018922
0985335086
0980878887
0986130443
0988388726
0987089886
0987654539
0988425581
0988413838
0985429639
0983557003
0484182547
0988319315
0981252058
0986414178
0981984700
0989363520
0985851951
0986694099
0984196506
0982049885
0987057466
0985769633
0989695229
0984998641
0983906137
0985354961
0984298800
0987753568
0982666566
0985115160
0989985365
0982349874
0988026251
0988923212
0987807686
0986589839
0988223109
0989730703
0988375031
0488816579
0985678144
0982034864
0981609017
0985328528
0988013498
0488942848
0988209616
0983378241
0986686501
0989874935
0933170256
0987298743
0986124446
0982066310
0980291083
0981952801
0987719557
0983048789
0986041358
0980967715
0987662147
0988975123
0986004572
0983420279
0988488997
0987139512
0987664432
0989684918
0986733148
0988301984
0982955533
0983947474
0987127415
0984544411
0971095795
0986309920
0986269579
0983890639
0983873366
0983642363
0986150410
0989397514
0954338082
0896439447
0983933583
0985059809
0983522881
0981565947
0985157441
0983260550
0982559453
0987706254
0986872893
0981057050
0289724225
0980029672
0980318449
0983998531
0797297873
0986341919
0983319333
0586325602
0986737525
0983113147
0989368943
0981890077
0987441098
0986787700
0985142821
0764849464
0986000165
0989542536
0983702303
0984213802
0982941523
0986132125
0989233914
0980957233
0982069560
0981371192
0983033114
0983509398
0981466320
0980432684
0980179064
0287103775
0988123402
0981644993
0988462784
0989368099
0985238712
0981142078
0984281678
0985716545
0988222067
0983664244
0980693351
0984745516
0986954723
0981919964
0989745445
0983680841
0984959866
0984323534
0983792327
0785980565
0989927547
0983120938
0982231373
0988476446
0983934298
0589173643
0989645747
0987443777
0985403753
0986267286
0986854191
0987441838
0981305947
0983894317
0985693056
0982750810
0981196615
0981710639
0986036445
0983569505
0987376877
0986899957
0973815620
0987218487
0984137150
0989988942
0938732176
0982612069
0988464488
0987927629
0980899480
0981135202
0986140343
0984471163
0985754795
0981071258
0981643148
0989684283
0988936548
0988023621
0981387200
0988839099
0982673036
0944262146
0986410518
0988568130
0989080138
0983966632
0985955373
0989791676
0989783933
0985485710
0985255231
0985667159
0981023417
0984565805
0988647870
0986034282
0986432548
0987531939
0986746756
0985782410
0984712209
0908207879
0910088811
0925788725
0985419540
0989691502
0987211801
0986217465
0988971314
0981373933
0986278686
0981062550
0982232553
0981451050
0982120181
0937834610
0980341143
0986517131
0989615717
0987011506
0986188269
0982831490
0989176363
0985238093
0983906436
0980840501
0987398499
0986343130
0989622036
0985506659
0987502336
0984339295
0988591300
0983613632
0986924158
0985639907
0989675724
0984601994
0988019755
0982037340
0983148426
0989144898
0986122595
0982573303
0982231633
0983361982
0980320925
0983874869
0987304690
0987339850
0984346063
0988195304
0984279989
0981828296
0988997286
0987164270
0972700357
0986389062
0983957938
0987702907
0987945632
0986745535
0985760661
0934464367
0981069268
0980192013
0862203033
0980428129
0981392741
0987790174
0987464291
0983668112
0389067202
0988953924
0919172775
0983696702
0980255549
0944425031
0981673296
0984869954
0982938671
0987272705
0988324653
0088680839
0983317122
0985122096
0985745425
0982263874
0985969128
0983485415
0987691656
0985742635
0987977634
0987798459
0989800160
0985046771
0981606483
0989609721
0983626763
0993828445
0983702436
0980077141
0988936630
0982944304
0980223837
0984903498
0980032727
0986787744
0984470839
0984049715
0982350858
0988419865
0988723161
0980263421
0980292892
0938192924
0088580421
0988933063
0985276391
0985429922
0988606053
0988232726
0984457627
0985324178
0901382395
0989460609
0988799616
0985804251
0980600038
0986044598
0989880164
0984835881
0988173629
0955594388
0982027257
0986224452
0984675578
0985847103
0986103330
0903029611
0987113548
0989746435
0988278441
0988900858
0983622101
0984044749
0989934525
0989923369
0984823306
0987297270
0989118602
0984795749
0980418812
0989987409
0989359829
0988992418
0988079218
0988615541
0933527429
0981762272
0987410225
0981711819
0984397936
0987351903
0980825732
0983075838
0983879013
0985357712
0982643820
0983484696
0986299833
0984524837
0989941716
0487929395
0984528446
0909763653
0998895337
0988078035
0983933849
0988351120
0980816693
0989277962
0909164339
0986447790
0982233390
0987249655
0908301935
0819568441
0983053700
0986949460
0985286940
0986213294
0985286377
0984249837
0983329071
0987169676
0986443123
0981268198
0981097002
0985350896
0983808406
0984202760
0981889806
0982917124
0989649181
0989849426
0985980089
0909679685
0987311924
0907880703
0982504217
0986749913
0982113513
0987300426
0982647736
0987359663
0988135479
0987059135
0989647567
0983106173
0933804543
0980929935
0987812807
0566716109
0986956913
0988790320
0983425920
0987818655
0988049983
0583494760
0988327683
0986160706
0389665882
0982195341
0984743083
0987385235
0989879881
0566105677
0983014535
0988679997
0983503670
0982823561
0988707832
0989938243
0981514228
0984637570
0985467617
0929601235
0986097861
0987488507
0989607994
0985989863
0987575470
0981422412
0986926412
0980012100
0989276647
0983291395
0989268630
0982851806
0984422267
0989400882
0988448763
0989365859
0981564475
0983962556
0987390342
0980001209
0988448672
0914419065
0984183752
0981421619
0187372904
0980667193
0983324705
0984223748
0984046828
0987244544
0984212023
0988762062
0986313672
0987176321
0086956139
0984304035
0988248278
0988654106
0985402627
0980550134
0986377496
0983421095
0987178760
0982478533
0988942143
0984880244
0986565444
0981225155
0981608183
0985083494
0985930125
0983309369
0983733480
0980663182
0980166203
0986544608
0987686262
0989607526
0988885688
0982962776
0984748413
0986893009
0988723486
0987713479
0982307817
0988773170
0986688065
0984804304
0984538431
0981041655
0986720328
0981542778
0987311113
0983630282
0986319340
0986322040
0988253231
0983944166
0987709372
0984663330
0953256535
0986305182
0986352968
0281207590
0980596512
0986979407
0984774449
0985957545
0985134171
0981290544
0984406582
0950782484
0985290564
0581828709
0982088628
0983985349
0789774414
0985119440
0982888511
0993427861
0983415367
0480322665
0587164846
0989028363
0983505499
0932953706
0981795364
0980054175
0985905567
0902790162
0985766580
0985969321
0984156550
0985375160
0988804214
0985644260
0988666525
0987687076
0984151045
0983498832
0989738297
0986898626
0988344617
0989383798
0983743080
0983964702
0980111542
0980095311
0988935202
0983288063
0986045884
0986271220
0989858794
0942411652
0987193343
0985512761
0986098928
0984953089
0925493405
0985456721
0987614056
0987510817
0984665048
0988836249
0985880465
0986528717
0989932188
0983144426
0984401330
0986454259
0983668074
0987559171
0987970613
0982458766
0984168628
0981725656
0986863030
0984185583
0984239970
0981739204
0986549383
0985408131
0980008601
0984622319
0986058589
0984651129
0353571413
0985391961
0785278259
0980350243
0983673438
0984563406
0987494388
0986137728
0988011775
0989022576
0980726653
0985750461
0981153303
0986050410
0981299778
0989661893
0685366316
0984046219
0989948270
0981580927
0984341172
0189830535
0982301247
0989844258
0982855336
0981431706
0986719463
0982674976
0985638336
0984715432
0981403021
0983735894
0984875454
0981404696
0983527546
0989771277
0982688463
0986480156
0984966957
0980248242
0987785404
0989217378
0984230674
0989686637
0983039701
0989699209
0985697267
0981320434
0984190558
0987682400
0984111102
0983305650
0984671760
0989999788
0987652270
0982816597
0983863631
0988227087
0985663740
0984138951
0984306138
0987955930
0938389946
0980986471
0986011734
0983353553
0989291561
0980762711
0989875486
0988156262
0986931371
0986154914
0985058586
0971696557
0986791280
0981341484
0988157073
0983593666
0986600792
0986383698
0986500106
0984053423
0989510441
0981769069
0981799769
0989144490
0984843268
0984481484
0985116054
0989653422
0981044075
0985893400
0986485196
0987180490
0986545833
0382591510
0985544238
0987331623
0986361426
0980644650
0983350619
0984312933
0987819717
0987348609
0983876965
0982062341
0903255396
0983768135
0986339323
0985615900
0988255330
0984930141
0985090807
0767360410
0982229427
0989440614
0982622872
0986368907
0987633823
0983808737
0984687229
0987401355
0986846889
0981743602
0984939389
0987255624
0985202992
0986310541
0981405306
0989902290
0986681357
0980557908
0983172166
0980965401
0984152427
0985313127
0980988860
0987259040
0984389056
0984202055
0981962554
0984548322
0988442080
0983817046
0987323117
0987659951
0985830395
0982601692
0986368527
0987685491
0989229734
0981037903
0984733172
0986136785
0987269498
0988781928
0984411777
0986735655
0985650286
0994999955
0989197584
0924153102
0980096817
0983816133
0995073009
0987084864
0986873493
0986784829
0980693244
0988094453
0983248031
0985608898
0984575987
0983466071
0986684307
0984217374
0985001880
0982980590
0986096102
0984359305
0792361622
0989866874
0981383925
0988374858
0588880756
0985548785
0987414737
0981375454
0982552397
0987813742
0769697981
0982347125
0984780531
0082818724
0984622842
0989912410
0786175046
0981559936
0985981125
0782379889
0980502577
0989062106
0988950970
0982082935
0989409479
0981913104
0984940383
0988086394
0984061038
0983203752
0988779911
0980259550
0983672245
0989870142
0589291988
0980405777
0986261919
0984803839
0389990249
0987885340
0889480113
0981945690
0983547404
0983845802
0982191428
0982222038
0985021213
0386654949
0984759071
0881784318
0987491062
0389142162
0985604072
0985491305
0988923427
0984329529
0982546406
0983699889
0984903000
0982743823
0680567327
0980049518
0981549788
0984926411
0983434856
0983377108
0985481097
0987555977
0985721417
0987526073
0986200862
0981014981
0989237119
0955726336
0987464382
0982551733
0980329208
0985069706
0984081683
0986878227
0985520578
0981282879
0982391518
0989348831
0982329908
0983728883
0886034356
0989161773
0983378269
0988688703
0984225524
0980896991
0985638787
0983661159
0989532792
0985574481
0987053163
0987094217
0983306626
0980228870
0986842749
0985034720
0986980889
0988423606
0988910083
0984303149
0984092238
0986860035
0982127824
0987887507
0987456525
0987425938
0984545440
0986218887
0983847201
0983117855
0934514042
0980136768
0912893976
0988792210
0880849526
0980260719
0380286914
0982956841
0980371799
0983674202
0980665939
0989666924
0986661730
0985445928
0988188575
0989464202
0986085720
0982761485
0986069699
0981629466
0988517719
0982936751
0985225207
0985437480
0983461379
0917233830
0987667478
0983393823
0987015680
0984960162
0987969003
0988001001
0980627403
0981852811
0587911452
0983397507
0985284741
0985484508
0988593173
0985017772
0986091259
0985382124
0932647325
0988581197
0985335532
0984246525
0982823999
0984244712
0986743887
0982007779
0988401483
0986998303
0988200255
0984626647
0987881521
0981044563
0981135929
0985400450
0988550200
0981896156
0986340496
0983451499
0983329064
0988414818
0987045355
0989117342
0984894528
0336920977
0984014409
0988876117
0988784106
0912357511
0981476499
0988669690
0984398895
0989685731
0982284649
0987467840
0983295289
0987743228
0989800923
0983587993
0987431913
0985041144
0986799308
0586758659
0983235547
0985231876
0986426056
0988476467
0982774510
0983559454
0986710894
0983871273
0985426890
0981107103
0986295936
0986647143
0981965218
0980424219
0986882426
0985296624
0988986849
0981901869
0920255092
0903120279
0984025740
0987304618
0984956307
0983769216
0978250129
0987434331
0985449157
0985929572
0980949750
0984702072
0984735666
0986305502
0984849087
0987652444
0981623057
0983380066
0946896141
0796298478
0984001510
0580148948
0989631843
0982854131
0986540776
0986905535
0982624907
0989865975
0987233957
0986587702
0987626904
0986229554
0985990593
0987247357
0989688703
0989913818
0985004782
0986981219
0984573853
0980711143
0986809347
0965598024
0988152774
0985308388
0987197046
0983272730
0903256184
0989810848
0983319211
0989792771
0985987534
0988813708
0980894430
0989354180
0987925533
0987519219
0984570606
0987670090
0906910377
0982352484
0984427971
0987073960
0980220924
0980050769
0980216612
0964022316
0984465879
0985477656
0985610096
0988597519
0986477093
0182959745
0984032364
0980797386
0980429820
0983912954
0989420463
0989848163
0987004354
0984562125
0984846892
0984943311
0989642016
0983087664
0982804687
0986879597
0985725296
0983675582
0983307928
0982083765
0985987662
0981326913
0906191331
0986669879
0987152689
0985406270
0982755699
0986436187
0983908333
0987230753
0987722078
0988732045
0988742428
0989534652
0988087739
0987188798
0989969870
0987361271
0983943271
0983985388
0984193326
0986342044
0987971577
0985888398
0983942202
0983928429
0989073312
0988934292
0983337487
0589900165
0983002911
0987098449
0986381795
0989161077
0986388505
0985572838
0997050168
0982275395
0982620687
0982203209
0332562674
0982108524
0985529895
0987401893
0983591669
0988357347
0987832396
0907781449
0986605635
0884488392
0983863102
0980793035
0984845058
0946548157
0986783560
0983312429
0981700232
0985498741
0988226771
0982168342
0989304003
0988350739
0986730350
0980727431
0981670403
0985370813
0988435242
0988044705
0982613012
0773808696
0988494386
0989204676
0980832585
0983573872
0988691146
0986153724
0985447532
0989249095
0988114958
0384916047
0980333841
0985875198
0972897741
0989002247
0985689075
0983160525
0986559330
0981359679
0981725901
0982053181
0987872738
0989675126
0981902376
0987448495
0985525844
0981287448
0983162040
0985293557
0986172636
0989400520
0988635385
0980286706
0938977793
0984381905
0986422211
0989038545
0988771136
0989106383
0988043957
0983802248
0983912609
0986380455
0986464534
0982161562
0984833158
0983427889
0989413122
0785903563
0985046160
0984527165
0987343707
0980470619
0903834418
0989934188
0985500313
0987622813
0987191384
0987406864
0982662401
0987699099
0981996327
0985955215
0980295812
0983971949
0985544855
0983773945
0983691674
0989855912
0989325201
0981522180
0989181176
0985204790
0989849293
0980337738
0980820046
0984949420
0988242318
0983680156
0982175986
0989060618
0984399657
0982151657
0984744429
0985801317
0986103608
0987934701
0988098747
0985610856
0985223208
0983702446
0982706406
0988151802
0982977257
0986338940
0981002917
0987016749
0987758546
0683999497
0989511431
0935541188
0685799169
0983558143
0382896544
0983000357
0985993459
0985916329
0984392709
0988310101
0987184861
0980764170
0989933973
0983911211
0983937880
0995090787
0984740567
0981338030
0981403843
0985510900
0989333388
0981032852
0984879544
0989938469
0988503615
0987356906
0984115243
0982745034
0980494391
0988868439
0983391159
0986273357
0980334557
0989843492
0380402189
0985798208
0989235606
0987149799
0984566561
0989232352
0985399423
0983935335
0989581563
0985212484
0987621860
0906641028
0989239257
0985827374
0989727788
0985061475
0982780091
0987471615
0984426959
0982242838
0961350112
0989269084
0481518927
0985687797
0985207519
0986594589
0989700040
0986247711
0999808319
0289172913
0903938450
0985163176
0988191852
0983507936
0982701302
0985219037
0987850604
0981651211
0995715422
0984259418
0986720671
0985575151
0986996887
0983909554
0985283942
0706521456
0941384839
0987702554
0985443452
0983334991
0983149088
0986952068
0983284376
0982250471
0983600952
0987744308
0984753094
0982209047
0980767811
0987931354
0984502146
0983844664
0987009549
0989972390
0943529595
0985548573
0987008240
0921045704
0985837380
0986962989
0985757749
0988094366
0985570548
0984593216
0333566508
0981851826
0989487533
0981561394
0980782664
0988102620
0988684805
0989300080
0988860497
0991851882
0984045638
0989709643
0985413880
0987618642
0986067141
0988738142
0986661451
0989984878
0983729675
0987243047
0988514716
0989956867
0985932887
0988703038
0983654876
0981990303
0980289717
0980013895
0981574012
0984336047
0988043709
0988778558
0984136056
0984531997
0988372062
0985503807
0985255905
0988747137
0989320522
0982879287
0984586478
0985759944
0980794238
0989327426
0980730275
0989628182
0989645945
0987314256
0987215137
0983653087
0981720080
0981411444
0984820100
0984388772
0983457909
0981515404
0984030446
0984135525
0987248889
0985271638
0985765356
0984327205
0987328512
0988022018
0989776255
0987526745
0984436395
0985121124
0989280483
0985319354
0985312309
0980233462
0983231394
0982742475
0986076048
0986572786
0346749989
0988451814
0988109790
0983398745
0980006787
0987016397
0983335417
0985962948
0987330703
0982866516
0980948205
0985180558
0987202588
0949918308
0383742239
0986419895
0980939764
0982321240
0988299527
0989506886
0988442123
0989556674
0984794721
0984042275
0986715107
0587469923
0989123821
0983666362
0933867880
0986158876
0384568734
0985130869
0988054285
0987778454
0985206763
0905141410
0988448332
0986278105
0985558767
0986925955
0981645577
0984362843
0980532975
0989579842
0982117532
0989117658
0981240302
0982064967
0089735958
0983068084
0981341659
0983594268
0982198237
0980096265
0985232263
0988443553
0985183812
0987001332
0985133006
0988620086
0984619544
0984772746
0989113257
0983084390
0985074034
0966534928
0983709003
0986568883
0985161889
0985852267
0983487411
0986477123
0987472271
0987035527
0983742465
0981164428
0984118369
0983772334
0983200683
0989220725
0909126516
0986678356
0985471854
0983747715
0988011283
0903728439
0984963101
0979617303
0983427671
0982937838
0985937520
0988786364
0986388240
0987312322
0788936138
0988005557
0989409392
0989905809
0986238477
0989870430
0989174036
0984751635
0584929420
0925588756
0985657024
0986551722
0982811393
0984751064
0987242690
0986506408
0942246590
0986840484
0980903207
0708493015
0981364244
0985331260
0989377761
0935426002
0981561808
0988215369
0985059548
0988021754
0986731007
0980489330
0985093167
0985834466
0985515681
0983644782
0989089245
0982267048
0993502429
0909832098
0986727422
0989851518
0989484516
0983392461
0900401951
0989212696
0983041048
0985089749
0983344427
0989111895
0988587057
0987362678
0985222336
0984810709
0985133331
0989779954
0934778847
0985946480
0985966513
0988772513
0988745176
0982415556
0985801221
0987170492
0908177942
0987309532
0982817324
0983826926
0988258456
0985869812
0983842007
0985550865
0988973362
0979581579
0983155877
0988335033
0988559084
0984687654
0987407102
0993971530
0983343735
0946178241
0981869396
0981498230
0986709786
0989592882
0981918763
0987054307
0982392101
0989460748
0988911658
0984116020
0981530602
0982288010
0981609848
0987118604
0980123830
0988552023
0986441888
0987222935
0988638404
0986857905
0987744238
0983342332
0987769641
0986669904
0987981541
0988608658
0994421309
0987881173
0925793523
0854938568
0989960964
0980625724
0977010956
0983068301
0985070252
0985840403
0989606900
0981302129
0983638509
0997424854
0963525825
0982967803
0987241309
0980284714
0988192019
0903134077
0987259999
0985576512
0981582925
0982354809
0988867041
0982071464
0986470978
0985923356
0981337609
0985335359
0985306639
0987156323
0437086264
0985636836
0985843690
0984503377
0980525793
0987231106
0989112296
0986423595
0986920091
0989268780
0980176235
0984339173
0989260666
0988804440
0908015938
0986982290
0982864520
0981468120
0985085891
0985603250
0987029909
0989022621
0988860088
0996672896
0983200330
0985515892
0988665684
0985165949
0987163690
0988807618
0983251550
0980743347
0980103929
0986068135
0980396131
0989580627
0986037509
0987864235
0904999930
0983630834
0983857408
0986660830
0987863820
0983209559
0981314514
0981557598
0983796119
0988550836
0985236321
0983006615
0986964166
0984541768
0983040917
0487356282
0981254147
0987220093
0983885012
0981245014
0983843004
0986227672
0984817298
0981888946
0982440393
0983978201
0980987355
0981077062
0988796077
0985399527
0984228363
0989766378
0981472118
0988242142
0988631431
0986893653
0988708013
0983422235
0988881811
0981920990
0980923995
0986102149
0980969808
0988461598
0983685101
0974671963
0986186923
0980178646
0986538723
0986832870
0932472234
0988469257
0981683071
0342421079
0984843859
0988800541
0981270504
0930700073
0988465404
0985059353
0984991996
0989626823
0385511160
0982959851
0988956188
0980482373
0922659251
0987806693
0980090212
0979800429
0983669418
0988383404
0982257655
0984644990
0983560026
0986562541
0985688233
0988363013
0982496863
0983226730
0987818895
0986745743
0989535966
0987271414
0987762779
0982803402
0933776772
0986321040
0984332391
0981512696
0984126253
0989433194
0980089043
0987136077
0987095238
0981683343
0989502275
0983847701
0988115499
0981513257
0989742154
0984398033
0989886376
0940011714
0982877805
0983291600
0925186274
0983412190
0985052368
0981958985
0982360893
0989277058
0983985923
0986769067
0985846256
0987379729
0988049665
0981444398
0989900689
0988754323
0984374068
0987532256
0983736988
0980260565
0987753798
0980987110
0989595777
0984740300
0986747836
0983935833
0983684494
0984707399
0984831900
0980196259
0981338977
0987709321
0986826983
0987819307
0980179393
0987307628
0982393566
0988117207
0988839809
0985153233
0984757690
0980503829
0989904185
0981388088
0580180140
0988420596
0984294056
0982863597
0989582828
0936495602
0487334689
0989759653
0980428340
0979106480
0980268713
0881611229
0981035165
0981451736
0982532007
0984404665
0988222626
0980547606
0989903334
0985642409
0933121337
0983465330
0985512966
0985067712
0983513783
0981986677
0974464736
0985175760
0989854738
0987525923
0988400510
0985672146
0988235926
0989903148
0989189873
0988990726
0984818210
0985267191
0834375136
0985666394
0989177591
0985648846
0986933565
0983734833
0492026368
0987146207
0985044958
0982880682
0984813565
0983282335
0986566280
0984712742
0983084519
0981992575
0986502297
0988130730
0989424693
0988721857
0982905242
0980199798
0983814823
0988282301
0980185258
0988105712
0983534544
0986033823
0989310017
0987324769
0983014415
0987140820
0989659072
0986219191
0986176603
0981436935
0584356476
0983470550
0989085648
0981791588
0983570905
0980927832
0983888360
0984579312
0986350087
0983077996
0986193593
0987570947
0984923900
0817163162
0988504808
0985048755
0983500093
0984508243
0984489481
0983689918
0983370925
0984138286
0984966272
0949698165
0984457927
0980863154
0903130107
0988114712
0989701862
0980855843
0982988959
0986715318
0986271992
0983914433
0985501048
0986155874
0982355777
0985740793
0936629616
0987794573
0986101079
0982797094
0986246894
0996434918
0985965772
0981821973
0988265001
0980841391
0985699023
0903340115
0980535353
0987817236
0986940763
0984124017
0983605844
0987948223
0681257127
0985275824
0983496518
0988019443
0985109444
0985890849
0985872136
0980010359
0985185806
0983304944
0981228004
0984794736
0989943193
0986266337
0987248453
0580032022
0984988817
0989067644
0982349963
0985642016
0984990192
0985561082
0981031774
0985978946
0918177499
0917934093
0989236285
0987592444
0986137146
0989623780
0885830344
0982257278
0982523240
0986905473
0985150268
0988595880
0986757885
0985612762
0985134448
0986088415
0985412367
0989481699
0984439828
0984377375
0981286402
0987756844
0981913374
0984125265
0985494938
0987010783
0982934021
0986731220
0986230613
0986391690
0985746477
0988729992
0981511531
0987930688
0984139038
0989436029
0982047774
0186467347
0980899539
0980864456
0987326766
0983534512
0389702691
0984828260
0989463569
0486336090
0982725999
0989841520
0982374950
0985976984
0989977078
0980516788
0985123717
0983532434
0983629763
0985105609
0984627426
0984130194
0981861964
0989548898
0986159673
0984951133
0982346751
0981543962
0985418877
0986908338
0985655601
0984850218
0987632693
0980140894
0989851533
0983581110
0986901155
0982580488
0373824875
0989869198
0988105498
0989623152
0986041312
0981865763
0983428191
0932143308
0989248664
0987065661
0981789770
0987440896
0982296215
0989977598
0983462619
0582234278
0908596705
0982581952
0989284802
0983222107
0989171464
0985947747
0983734182
0981987497
0983443879
0983143729
0379486721
0983853095
0988857621
0986050922
0987605620
0984044755
0984710097
0989659355
0482615325
0982189874
0989629210
0989138713
0987768069
0987760847
0988589761
0926582621
0987528516
0989330452
0980747140
0988172884
0941326196
0888370401
0965391158
0985998986
0989293074
0984207127
0980734035
0987357003
0981064356
0988928021
0989350703
0988313656
0928093586
0986080661
0988632766
0987920194
0981052853
0982090206
0986201901
0980764273
0984331068
0948600669
0344279795
0986719133
0985766327
0981069456
0915110436
0987397398
0981855345
0983598953
0912284075
0984007031
0987445113
0986535759
0989810110
0980191129
0989278277
0982474101
0985397941
0989800089
0379831056
0980209845
0986011055
0988147146
0997169815
0989698419
0906839339
0988016125
0985733798
0909627367
0989924015
0987850813
0981217369
0980852234
0988473765
0988770423
0986603047
0983932886
0988185946
0980434113
0988802075
0986389968
0911281662
0988873552
0983114546
0988656663
0986149182
0982004347
0987099643
0988388338
0985102804
0986964760
0980285196
0981610392
0985545634
0984034417
0986907167
0980912978
0983376635
0988618990
0985671833
0987523560
0948952405
0982839757
0988046721
0983697082
0980484828
0988826347
0982411038
0989975861
0984343503
0987879083
0983672680
0988499221
0988754698
0908580305
0982870866
0980851910
0985400455
0986649551
0986743913
0988340729
0996583710
0985971297
0983714658
0988573246
0985641788
0984986021
0984118737
0903456040
0983039832
0986866549
0986984211
0988183003
0980983239
0981590640
0982980603
0980985219
0789946718
0989143624
0988769104
0981924898
0983679064
0984697090
0985730429
0981574682
0980127781
0981434503
0980022677
0989837895
0981151060
0989963331
0980470174
0885791374
0988583002
0981290004
0989910131
0985082951
0989719758
0982342073
0984524979
0984179766
0984590092
0989254285
0985167100
0981452115
0981147704
0984045213
0988732089
0989411038
0984342228
0984748681
0987075768
0986131311
0984549458
0981340678
0981289151
0985688200
0983321354
0980827500
0987356857
0980883998
0986494308
0986811472
0986210657
0988232594
0988945575
0981117714
0985770556
0986211025
0983586100
0987443005
0985723818
0981578296
0986279809
0988501229
0988407478
0986336092
0985303194
0985714912
0936390409
0988452811
0980070478
0988465697
0985083862
0989458202
0980653631
0981824012
0987953665
0984428460
0983930018
0985251571
0984579000
0987715250
0984072651
0989511307
0987881964
0981861337
0985027794
0982534821
0983914559
0987231827
0989518972
0985363925
0982174311
0984877336
0989951890
0984973710
0986558491
0987682762
0986834219
0988194104
0984767022
0988804795
0523983938
0935188136
0986499584
0986183278
0909736099
0982897276
0983045397
0984050758
0985268956
0983055507
0981535538
0985310895
0988858173
0986586047
0987382018
0982530599
0984109115
0922712145
0987657441
0985618292
0985000636
0986303624
0983260106
0985732720
0982730397
0989087098
0988658285
0981419825
0988278969
0986007992
0988529662
0980283020
0986047192
0986368024
0986976491
0981298566
0987289811
0984440968
0986846287
0983692468
0980610466
0981409339
0987838657
0980614624
0983876977
0980861232
0983060876
0983869573
0984095739
0983834335
0988143447
0988135514
0586007349
0987266264
0986517399
0988048807
0980599522
0970501160
0989000916
0983112822
0983203103
0988184528
0987374885
0986571437
0986577166
0984394979
0988965407
0916698047
0981193249
0985121929
0984348354
0985365717
0981650257
0983289021
0987281690
0985534742
0985000331
0982617643
0986569141
0392274224
0988245562
0987572592
0983509489
0399905232
0985405175
0986195740
0988306329
0985288405
0982998546
0984156441
0985973523
0987796236
0982436499
0981212598
0984276318
0989270548
0981564527
0984044311
0987351646
0984029409
0985096744
0985200190
0985849113
0986053431
0986747238
0985131904
0989967871
0984128409
0981243777
0981601711
0985017480
0988588675
0989995760
0983883543
0983991333
0986372486
0986027337
0986080686
0986168376
0986576910
0987287988
0986569533
0984925681
0381522244
0984546106
0981331726
0987126600
0986494063
0987171285
0985033176
0985577850
0982487776
0919847712
0985420435
0987155844
0981997865
0983472200
0185659241
0988132865
0982041443
0985498132
0983234717
0981793873
0980528711
0584147705
0989471448
0988212465
0989207232
0987894367
0983418538
0980749984
0988760280
0987932576
0989245779
0983384534
0982663488
0983701453
0988982207
0982657946
0984282717
0983380400
0984780099
0988079871
0986937951
0988230027
0987336526
0988022667
0957985507
0986684230
0983988756
0988744985
0985478086
0988301799
0983983932
0981251366
0984676512
0985335056
0982686081
0985463986
0988984047
0988434664
0986855875
0988073247
0980107066
0984504909
0986727340
0984855757
0980167850
0984346535
0981896616
0989977438
0983986058
0989497886
0988078897
0986473213
0983337194
0987459328
0985876366
0980250772
0983766709
0989111147
0983522462
0980418511
0987733706
0987297984
0988368750
0988803775
0983565984
0984302582
0982189703
0987001228
0903520310
0982873623
0984019766
0931568581
0989621207
0985511639
0989488844
0284619753
0981304735
0983782655
0986059053
0989208492
0987082638
0982495628
0987054488
0981648020
0367776221
0989890013
0946785709
0989447247
0987130290
0987844978
0981051226
0988947346
0980344585
0985711845
0989530411
0982289463
0987586176
0980824408
0981567676
0983396592
0989412283
0980190568
0986652250
0938689726
0988180326
0989788611
0986590727
0986602001
0987088094
0983497370
0987972899
0981617541
0982688044
0982300210
0985630022
0988647371
0985856148
0986854625
0973973668
0989661160
0988566562
0388990115
0983369505
0987068845
0989341152
0989490429
0987485726
0373301089
0986350018
0987909939
0987713765
0987990387
0984674903
0986770290
0985954799
0982311646
0986268504
0984807877
0983245081
0987351010
0948042904
0986782945
0985964506
0985478803
0988976161
0986124222
0988804099
0988371445
0983162997
0984108328
0989369396
0985329138
0989405957
0989260720
0987754611
0988470016
0983059113
0986815982
0984674107
0989912055
0984397276
0987829773
0987820482
0983623009
0982118867
0983714842
0985075297
0989088396
0981608999
0989725439
0987959633
0984661696
0987073037
0983671195
0982039495
0989977228
0988236716
0983074748
0785113286
0986492177
0982201090
0986894133
0398911355
0903947616
0989744480
0988533805
0987677209
0986735247
0983000598
0683256126
0983823242
0982570347
0986697199
0953341025
0980685746
0982031072
0988796175
0988263824
0981013201
0980035250
0988638866
0764443833
0982591417
0989183235
0989020248
0981380858
0985838354
0971723009
0980318179
0986669596
0982889377
0988809698
0986570574
0986077646
0981663278
0985528426
0986587502
0988926531
0986954738
0983692323
0984048259
0988494894
0352194632
0984073533
0285926938
0982878931
0981455748
0986499373
0987432767
0986949168
0984772065
0983623299
0983948843
0982450305
0987941165
0983356042
0980723086
0987103340
0985277219
0913264570
0981953397
0976000699
0984421244
0989181478
0986183830
0988051435
0984290401
0988609190
0985678635
0980989019
0985244810
0187468247
0989227141
0982513608
0983697057
0987225086
0987369324
0988691339
0988244535
0980420248
0988329771
0987468883
0987169045
0985691463
0985943197
0985853721
0987282563
0987622286
0984021866
0984144716
0983416632
0987757153
0987248771
0981663167
0985573848
0980026031
0905228600
0982635891
0980502648
0987575870
0989084598
0983894186
0988881414
0982940718
0386627614
0984351460
0985665200
0980725477
0919530000
0989435575
0989454480
0987585907
0989419942
0986507004
0981040326
0987575293
0384755839
0985544259
0989311622
0981534512
0985974493
0980991427
0988787458
0986334576
0988090231
0986014263
0985582770
0985667415
0985761467
0989648460
0986870642
0983032350
0984344449
0983725540
0983348981
0988635525
0938090534
0981891264
0983506412
0989213935
0987190135
0986566624
0989957827
0980747383
0984915815
0981424477
0684911396
0988474770
0942922928
0987172162
0985299818
0985186960
0981470112
0981329851
0988591941
0981734423
0984932686
0989749534
0984960787
0988048078
0984440803
0984267985
0989038284
0988279614
0982693060
0988793751
0980057520
0982051678
0987553261
0987724816
0686032703
0986236204
0970569709
0987842959
0989406177
0981431952
0987454810
0980734078
0989028404
0989905613
0987545748
0987005097
0985089234
0980027322
0906480065
0987191810
0984429186
0980801071
0980233629
0987561441
0784910543
0988562710
0982013696
0981739212
0987925168
0986187925
0982272454
0981684183
0980443964
0986601493
0988614268
0984897584
0984007079
0884636985
0982638531
0987978416
0986360590
0988934776
0988846198
0984131092
0987556185
0987857219
0983753287
0981592686
0987665041
0983797540
0989113936
0988081818
0985504562
0985114168
0982256696
0984709920
0984733745
0986393103
0981203062
0987527316
0985178750
0946980528
0980807077
0984864248
0980118650
0980545676
0983965739
0987758938
0984647936
0981205811
0985058006
0981012587
0980468110
0989708504
0987017627
0984611766
0983533777
0987048111
0984182066
0585548824
0983108191
0891741375
0988874997
0983802066
0933977697
0988517876
0984972258
0986052055
0984849724
0985181929
0984127433
0923867196
0984337067
0986542389
0983001096
0981260194
0966946591
0986306113
0986663719
0989766063
0981478195
0989177976
0986853502
0988225537
0980640844
0989318475
0984590609
0963469719
0983635550
0988581967
0981871909
0985848258
0989051531
0980490641
0987214891
0988385348
0984405420
0983948270
0981358624
0988522414
0981975711
0985927671
0980388749
0981500208
0984238772
0986097435
0985255480
0989097898
0982512470
0988304595
0984994197
0983621184
0981268699
0905662721
0915806682
0986630189
0986346615
0949378714
0982945001
0989320103
0985539094
0988336892
0986848289
0983567811
0980070514
0981239786
0989174485
0984407983
0983681158
0987038445
0984707418
0982636424
0983854708
0988469283
0984945556
0985053700
0983766318
0986930479
0980525240
0983463340
0984449640
0989583572
0980825705
0984882239
0986036552
0986404815
0987017338
0989828540
0986212284
0988855940
0988811518
0988649691
0985902544
0980450862
0986690566
0983546499
0985374648
0985500456
0983642813
0987353164
0987957702
0981493093
0984823386
0985222131
0988140928
0909293744
0986838567
0981594334
0913551756
0980760286
0981610648
0984934809
0563140191
0983919905
0980073366
0986530053
0985761702
0982194176
0993922751
0988113144
0983003660
0983456564
0986242638
0986665044
0988960868
0983152894
0982860113
0987894962
0981682867
0983865613
0982567898
0982975764
0987735848
0988794050
0988634850
0981835560
0984935431
0985455015
0986236601
0983877508
0984522246
0989114450
0987066376
0584179171
0985780063
0989728736
0988965906
0988382505
0986477762
0989920358
0983623823
0989706457
0984306419
0987739835
0988110745
0986080752
0987135053
0989227889
0984085851
0982992702
0986952470
0981133005
0980573801
0985674507
0985704871
0988405026
0986998373
0983970769
0984531690
0985525052
0987371208
0987989922
0980103763
0986329610
0987376479
0982762435
0984720717
0980871813
0986734542
0482261778
0987502256
0986099685
0988482184
0984421789
0985823397
0988284415
0982961382
0988227056
0984183409
0983500281
0987959141
0989235352
0984926899
0989037328
0983607232
0987800145
0988240033
0986090099
0989578235
0984553581
0982256328
0986576655
0985453891
0988611434
0980614069
0985558372
0984180853
0980509912
0984491320
0902319821
0988742753
0988882249
0986966155
0986411273
0985861345
0982555270
0987995367
0988152119
0987112062
0983912225
0985015056
0981786246
0988156996
0981155019
0985980595
0984225953
0983079406
0989270825
0983754175
0984908303
0981061016
0984548354
0986726991
0382221783
0987067578
0980216279
0986578217
0989206199
0980428929
0983037296
0981410825
0984017199
0987390619
0986693871
0080021998
0983884768
0982628304
0981289857
0986666750
0902491576
0988175357
0985499910
0989670931
0986484035
0980156009
0983767372
0988635102
0989462101
0980824236
0980513970
0984805818
0983350751
0987043147
0987803163
0983624351
0986297083
0982151520
0523977458
0987889615
0985645698
0981306670
0988266712
0980485334
0985821983
0983882219
0986752333
0981629111
0987039657
0985641267
0986642355
0985778514
0922658464
0989533862
0989246884
0980431791
0985969709
0989507689
0985392922
0985504727
0989230652
0987641184
0983444677
0989351982
0913747001
0986530472
0905124741
0986527760
0588230062
0986266165
0986854707
0980406174
0917650510
0983815827
0983048406
0585710871
0982664382
0989998181
0987440391
0984662413
0987202704
0988964465
0984304884
0988700577
0981525690
0986518665
0987486624
0983434492
0984318835
0988304869
0984312475
0684097793
0987982735
0981046816
0988876005
0965598432
0983790838
0982901283
0988716374
0987494173
0989609879
0987713317
0982134412
0987145187
0985478160
0989179367
0984820045
0980706743
0982627538
0989259946
0984556867
0987215911
0981155390
0987624086
0983195519
0963066103
0981470518
0989388230
0986346071
0984031864
0986154363
0985114796
0982846466
0983360845
0989106356
0989768225
0988517500
0982673991
0985174428
0986973142
0985834950
0989598617
0984115906
0981911802
0989135942
0985508308
0986727708
0385015616
0988698142
0986339969
0983434965
0987981480
0982389303
0985551086
0708786826
0788879749
0982295022
0988012865
0086452551
0982867940
0981179178
0985239371
0981246821
0983882939
0988177489
0986557697
0982722261
0983597238
0987718869
0980350569
0985466140
0986945480
0981370391
0989460305
0983868513
0984989168
0987138401
0983360838
0986783954
0989866453
0980485982
0981873468
0984593242
0989774662
0981853809
0988672251
0937538320
0984217380
0985340716
0980071712
0989421952
0985793004
0988800507
0982109975
0987675790
0980943942
0980001943
0985647798
0987187024
0980317674
0982613923
0987465913
0986488580
0982556258
0988441492
0984368615
0984683732
0984027658
0988781972
0989244872
0989248093
0980430153
0986915997
0982607675
0986465696
0988804583
0983402416
0986754234
0989083678
0989530958
0981418473
0984990897
0985533084
0986580748
0943558113
0985178649
0988338292
0982389515
0983863034
0984405195
0988304390
0989268585
0987466149
0985127022
0988819718
0989459641
0989578251
0986302301
0986745244
0980712052
0981860914
0983578432
0988992522
0986398435
0988595563
0981036083
0983459206
0988078687
0985713339
0982281677
0981475852
0981214155
0982743716
0988403485
0987780922
0988128412
0986904413
0985968856
0989590117
0984815425
0985289146
0981313949
0988864839
0981936682
0949404443
0980177446
0982195870
0988866087
0983991397
0085665008
0985616482
0984248230
0983865573
0983449947
0983730887
0923382897
0981913024
0985970074
0989851780
0987823116
0987612717
0984736233
0988598900
0988062432
0986629410
0983928701
0985856120
0988043603
0983488545
0985648362
0988096960
0986763805
0789817051
0987743939
0982779159
0985351713
0983344319
0983746043
0986064095
0989359064
0985957000
0989593855
0988342473
0986350369
0985099147
0987574569
0989322174
0989890679
0989378639
0988110127
0977226520
0980314015
0987235019
0989196094
0989436226
0984390467
0980569871
0989374808
0985538827
0987705158
0983585350
0983751883
0989883714
0988844969
0987059232
0989652585
0985926469
0983916101
0997055157
0982068983
0984803533
0908060998
0986341912
0983310240
0986517299
0986601228
0981873364
0988357799
0980445177
0987358898
0980803266
0988851981
0089747312
0980354596
0982934691
0981801336
0981772169
0981154828
0918304667
0919414531
0985331635
0983809020
0986803080
0986539688
0984310804
0986643717
0584240296
0983049521
0989699148
0989822271
0980501815
0983645418
0980624818
0987990459
0983892428
0986707988
0986941013
0982901998
0985607248
0983464630
0983401492
0980306259
0986455048
0981238675
0986901773
0987332139
0989186171
0985387609
0901120040
0987731658
0985697587
0986284595
0926259770
0989851052
0989373792
0985380606
0983508407
0988571031
0985531499
0983375360
0980226855
0986066603
0984470047
0985690638
0986659344
0985818660
0988529652
0782337498
0987014832
0986338642
0384213445
0984545395
0989612511
0988744139
0985881084
0987455643
0944249236
0988132737
0986334436
0989955054
0989935804
0984427753
0938837841
0988937353
0987013694
0985305840
0988066783
0984078201
0881483810
0989308892
0987861258
0986310620
0886133107
0986630800
0983152130
0982804532
0984534724
0985653234
0880842859
0986656286
0986923700
0982243825
0983635864
0980243727
0980422779
0925864761
0983248337
0984283123
0984193085
0986981119
0980803751
0988163676
0968903362
0983258730
0987769905
0985215340
0988822092
0989160960
0983451784
0989544169
0981041557
0988288558
0917702796
0989729567
0984717637
0986911496
0981535865
0987664084
0985668369
0980820362
0988154439
0925477812
0988428093
0985446884
0984582219
0989923366
0983295159
0989385416
0907105685
0989606762
0988121737
0987197201
0987669798
0985821177
0987448602
0989039265
0982799031
0992087166
0983387714
0987883866
0988264015
0988003290
0986752473
0980604645
0985886739
0984634336
0982327726
0983961589
0982585114
0984019711
0987478159
0589567995
0985392487
0987614100
0988301743
0980973167
0984725000
0983788577
0981114398
0985218485
0981238409
0988047764
0985404678
0983394092
0985538164
0982167975
0984995377
0988897180
0987911673
0985178543
0985901089
0983973043
0981583781
0987819501
0988492140
0984449679
0984531191
0987665840
0985058956
0989573556
0957401354
0985131657
0983958118
0984400543
0980450618
0983763977
0981295019
0984262777
0980911048
0983640622
0980484009
0980879329
0329897500
0988582780
0983398120
0985223123
0988143254
0987081272
0987675627
0989902551
0484784384
0985541803
0986902731
0984175777
0988501656
0989833943
0986115349
0987108320
0988256816
0987531347
0762640682
0988934348
0987145188
0989572532
0963986392
0988025536
0989223968
0986289405
0989693240
0983489568
0989832138
0987139244
0983456249
0985697319
0985965865
0981304649
0988682018
0983739412
0986446593
0983634565
0980054213
0680379808
0980987199
0984429938
0987809042
0980478615
0980009833
0988475245
0986558990
0984397604
0983885949
0985180525
0984189843
0986568497
0949520160
0987124852
0985720730
0984366423
0981263605
0987115112
0989947497
0988143494
0984523652
0981587440
0988114205
0985232240
0981896781
0985001717
0986705523
0981578882
0988195152
0989650210
0985257183
0988535733
0985828970
0987585618
0989175461
0984674255
0984091904
0987868994
0981855315
0984981588
0984587425
0989826234
0989606119
0982728938
0980438162
0982361843
0989176579
0984789142
0703883036
0981506726
0986185335
0981566623
0986741264
0981124188
0984860282
0984855975
0985223318
0980451257
0983333546
0984566993
0981626707
0987545522
0980125165
0986819539
0988867391
0953464983
0980000112
0983028276
0983213717
0983699816
0982629288
0984372333
0987137565
0987002367
0989884205
0882467615
0981572872
0981453630
0980404080
0988294540
0984335884
0988135022
0988578703
0980416734
0987131059
0987659524
0398863473
0989243055
0989209192
0988124371
0986009609
0984678331
0987903051
0983998121
0881115158
0983582060
0985093025
0983667156
