0985739375
0987906249
0989456429
0986531830
0987882291
0983806289
0982895945
0985487576
0982519648
0980239814
0985792208
0980561143
0980130265
0981359422
0908448497
0984037267
0984484569
0988563523
0984840604
0980250203
0983144229
0986955905
0985620921
0986942259
0989040222
0984538686
0953110973
0983787539
0980891518
0987626475
0989221025
0909253680
0984537154
0985327419
0987169045
0082165620
0984197696
0908462336
0985047263
0983800654
0986537661
0987647716
0989399825
0983885878
0986739265
0980061368
0983214541
0987994998
0983671990
0987874173
0989741880
0984134658
0989304064
0982780936
0986511993
0982072395
0986176665
0985704828
0989614163
0988599274
0983571728
0983412087
0989338528
0984237083
0986095049
0986036843
0980988384
0986748153
0981968918
0985255180
0488180326
0987735501
0987767418
0985725399
0982747974
0988914771
0983475027
0986802122
0982294940
0987484565
0980279774
0983623686
0989729751
0980256173
0919094339
0985222235
0986027487
0984830944
0986905623
0982188616
0989343903
0986946449
0983834589
0988572506
0980412547
0980355119
0981426248
0987013693
0983531061
0984020578
0782482729
0989636113
0938783836
0986933463
0980095606
0987867778
0968194182
0985035890
0980448605
0988492144
0987561906
0951064282
0981361700
0989388953
0986152934
0989367047
0985117203
0984670345
0985962036
0980848363
0988999771
0981937624
0913012453
0985678048
0392302569
0975569078
0987755810
0983554529
0395436553
0987091126
0903391540
0983589839
0982930082
0386222906
0988132000
0983496562
0984917802
0980140519
0980717478
0937273709
0388504958
0982285491
0982014873
0918999468
0987969639
0981244684
0986938652
0981849895
0984552051
0988129887
0980100359
0981655268
0986344307
0980205656
0988755356
0984588670
0980836620
0984574081
0986334944
0984842754
0988448539
0988851054
0987461906
0988891968
0982074248
0987682863
0989527714
0984410816
0986454662
0987867604
0987199192
0975565922
0983764582
0983036817
0980130371
0982868619
0985386829
0981604184
0986245205
0984926111
0984400053
0984215090
0988644031
0989192198
0989507673
0988217832
0987029573
0980459291
0984779877
0983120591
0980070678
0981964108
0986611919
0084039533
0988572383
0985677915
0982367841
0983855209
0983189841
0981966249
0989503120
0987026769
0986371650
0985133867
0986719393
0988041894
0980368957
0987746407
0986323904
0955031508
0986990616
0980417932
0983354547
0986700888
0981563585
0983624351
0983174134
0985322095
0986274404
0187737368
0989671947
0984425001
0983534071
0982089023
0984841714
0904444432
0987850125
0983087362
0984169497
0981260437
0989365138
0984473698
0986574436
0989701946
0988582925
0982420738
0988222816
0908361373
0983215824
0989944728
0991087444
0981342733
0988157345
0983812828
0985048286
0909541562
0987252279
0989385866
0989137893
0988810915
0984611151
0989540483
0984794037
0985364778
0982424538
0989168963
0985034878
0986003223
0988828320
0980085295
0985130936
0987036844
0988667023
0986943173
0981368949
0981126361
0980691259
0989770172
0981175770
0978199988
0989820540
0987823158
0982162329
0988326192
0982106972
0982878440
0988203160
0987784840
0930395587
0985663189
0988724024
0980461315
0982297023
0980183984
0985756598
0378523691
0985462826
0983965952
0398141748
0983178292
0986238142
0986380712
0986396143
0984045749
0987816086
0980010978
0983850849
0987473016
0989587829
0984367339
0980770949
0988629262
0984304874
0981310289
0981919688
0981211947
0987239763
0987877438
0986308822
0985129300
0988744663
0984476586
0983110860
0981598512
0903445059
0982329048
0989295666
0994085393
0982173215
0988718177
0983731410
0987750523
0983896622
0984930202
0985975166
0988697546
0980861613
0985025616
0982565817
0981679043
0989237140
0984610610
0982401559
0983938800
0981056475
0986371243
0989900212
0984031071
0932115359
0985770543
0923508569
0583630287
0989616579
0985063404
0982095470
0986646123
0987823742
0989492020
0989786679
0989568985
0987030507
0983438647
0989041088
0987728354
0989522278
0982271893
0983554402
0983793895
0980700231
0982620957
0985661272
0987568836
0982938289
0984102666
0920232783
0988038293
0984676602
0988277158
0288721502
0982290087
0988653691
0948490993
0981217394
0989223662
0989830811
0984930626
0981135764
0989607520
0987892513
0988542174
0988975013
0989859116
0986652828
0982280503
0988481901
0930041100
0980298355
0980564843
0982376424
0987711858
0980640263
0981155481
0980219993
0980773584
0982891878
0984347109
0984702634
0989133847
0986600364
0986646965
0987743102
0985558355
0984158641
0981692482
0986151037
0985168845
0986286765
0982218115
0985820120
0984214564
0984198075
0982967789
0988037729
0983586885
0985694763
0983960536
0983974905
0988024558
0908007515
0982365687
0989729354
0984928910
0985288481
0980426499
0980031576
0984048182
0989422766
0920332075
0989846075
0981274829
0982255732
0988253471
0981716473
0988446389
0988544128
0183493319
0988078679
0985862803
0986388829
0984923968
0983002360
0984141246
0987819222
0982011099
0983380400
0986972980
0980452597
0922659300
0985966691
0986815001
0984857012
0985543736
0963868808
0982115544
0983891047
0985215942
0984447311
0983985131
0980700734
0988170923
0981524701
0983895097
0984518662
0985090006
0985167594
0984428259
0983550806
0394867317
0989261841
0981105748
0987452084
0985985609
0988177226
0986357787
0983575041
0987012970
0984242167
0984615256
0987513803
0985676708
0984021553
0985981643
0986411664
0981098410
0980046189
0985979787
0985192477
0987590869
0988915869
0987150398
0985304054
0988942425
0987302752
0984111402
0986197565
0986858891
0985051011
0989876150
0986296797
0983654574
0903788940
0988857647
0985299286
0983800362
0986429115
0986298867
0982537521
0986272516
0945677639
0985053438
0981318232
0989937497
0983810965
0980206598
0987346086
0980792074
0987016716
0982867475
0983825578
0986686358
0988638560
0981740712
0985821683
0989380058
0983121205
0988099027
0989469782
0986919710
0989674876
0984575651
0983328186
0985211761
0980906046
0984026796
0989215452
0985596834
0984232466
0989501746
0984735813
0985513332
0987507753
0980108471
0986606730
0989562880
0987769830
0988474614
0985224409
0985988782
0987351618
0983890041
0983050982
0985062621
0984053139
0988235926
0988567875
0986192140
0985888740
0989545002
0980407444
0903866114
0683127318
0982772042
0588147611
0981331271
0980268932
0988830859
0989605858
0984937748
0980592911
0989551188
0489463569
0983192008
0987112760
0987903322
0986386275
0986408385
0984503760
0983251916
0985237240
0981217129
0983437515
0982115566
0984937444
0989943337
0988293696
0988977449
0982271726
0988294053
0985322083
0989177989
0984501510
0985830080
0983703637
0984113824
0987123806
0986462587
0986798795
0909782290
0983639494
0984548767
0988168030
0988210490
0982611297
0987158362
0985819225
0983472778
0987126641
0984381578
0384222501
0989941089
0985556702
0984113940
0984255113
0983198762
0985612474
0989156208
0982861985
0977313789
0988032142
0989565531
0982763385
0988904162
0985001871
0986091396
0981345379
0988976242
0985657616
0984857030
0981935829
0989014739
0987671396
0982066556
0980260719
0982700096
0989178696
0983501692
0918440111
0981061497
0985108837
0986164843
0981487817
0989474157
0982927596
0986764005
0188982494
0985002031
0986833569
0584949420
0987787066
0981646951
0983587435
0988694612
0984996754
0961839881
0985121339
0987530992
0900691446
0988565271
0988428784
0984278054
0984380734
0986589726
0987201705
0988809698
0988687111
0984790280
0986816291
0980293370
0987624801
0980628057
0982515316
0987311503
0989031662
0982874348
0986658619
0989887020
0984963103
0984245695
0986393650
0986355395
0986067495
0983636218
0988893024
0344516601
0985610096
0907525147
0989068507
0987755441
0980939544
0987123871
0983779106
0987815086
0984023244
0986996617
0984361288
0985030322
0981355551
0985490949
0985582574
0984415586
0987628651
0984745648
0986590311
0986164737
0988015503
0988887150
0984822407
0986317842
0980358681
0980279467
0988954089
0985549185
0988950748
0981144907
0984060574
0986432033
0980097951
0985323250
0989328951
0980054459
0986982720
0980922572
0986751491
0986237647
0988865636
0980281293
0986784839
0985990068
0980167674
0983896625
0982092062
0985970800
0983602908
0983125644
0981781814
0906831174
0987513350
0986851916
0986693893
0984595561
0984274261
0985566917
0987657598
0986050752
0985652421
0982248178
0989324603
0985895320
0983705320
0997104526
0984021141
0986257054
0985290280
0988777313
0989924098
0984260704
0986758366
0798989887
0842336498
0982940437
0942084535
0983704672
0984080652
0988095764
0988226925
0981479632
0985874656
0988879753
0987118824
0989280357
0283432661
0984169200
0988634046
0983094575
0980307003
0985148398
0988870668
0986640962
0984995556
0687094396
0984925207
0986003141
0987699344
0985047764
0983854139
0919385572
0984933525
0981598529
0980761858
0982108136
0988462769
0980357863
0988719998
0987660663
0285929931
0903072121
0984833035
0989374869
0988884320
0983468779
0989217641
0982892216
0983470747
0984800589
0985889012
0987341222
0942809063
0987109021
0984800437
0989461277
0985732730
0984165524
0982054511
0984578435
0903749408
0985270317
0987573534
0286418555
0988089872
0984917675
0987837058
0988374404
0987896698
0779075750
0984489949
0980380432
0984001368
0987594090
0987691241
0986286733
0983363030
0989325439
0985216340
0983513106
0984196847
0985324273
0980419537
0981996620
0983934545
0987672342
0983044019
0982372237
0983388579
0988500633
0981574688
0983659072
0988406780
0981196239
0984613864
0981271074
0985161836
0988413844
0983551047
0986764773
0984937671
0985592234
0985197417
0988513637
0986501009
0982236832
0989491036
0986555186
0982456599
0982790312
0982107483
0985422400
0986142963
0987918024
0984956952
0988078288
0984851063
0980276657
0982582321
0988945572
0988626820
0987363536
0985689494
0980608917
0988276911
0988601917
0982813781
0987174301
0986123066
0902865734
0988428093
0986041846
0981015892
0986729842
0983637713
0988636166
0985859651
0980068713
0988464865
0986659668
0986950186
0689397169
0989396536
0983397957
0982942492
0988913914
0988917598
0981830310
0981217703
0988614455
0994999955
0996888191
0988467074
0965372659
0985063638
0984114588
0987691535
0984189427
0884533796
0981738062
0980052135
0982469406
0484002261
0988875179
0982873996
0680419001
0982311242
0985514759
0683137389
0986739843
0982007716
0985381204
0987832367
0983680439
0987554891
0908833912
0980796559
0980460739
0937262303
0981078352
0989911456
0984883846
0989585587
0981877457
0988176366
0983957544
0987793984
0986308802
0781812882
0982060052
0985169646
0954324623
0988723711
0984890676
0989341519
0984964901
0988593253
0987470883
0983765403
0984557805
0987580711
0985034012
0088582141
0982170507
0989547219
0980041443
0989847588
0988729056
0988558621
0986492191
0989602897
0981993616
0982006053
0984965493
0913123786
0286494934
0987846895
0980518869
0987144528
0980468868
0982614528
0984915735
0385209104
0985645843
0989649323
0984653153
0986428273
0988018923
0983934111
0982476342
0986685274
0988863752
0985980932
0379392224
0982970741
0909698802
0980537469
0982685637
0983909563
0989984750
0981808853
0984690486
0989369962
0981991304
0988301951
0955145192
0984935482
0982321020
0986016652
0988341198
0986410518
0987837298
0983988185
0937281299
0982188523
0987479458
0883106386
0985728402
0988294582
0989208923
0989679890
0981678240
0985557638
0989930995
0938152236
0982465101
0989819349
0982079233
0986779491
0983895721
0984536584
0989162111
0981299951
0983977162
0982503442
0980269767
0983852241
0984231727
0980732821
0986684282
0985737794
0488791594
0899015587
0981866348
0984663736
0987542662
0981597271
0983028315
0984198379
0922675377
0986229701
0987919952
0348036231
0988291149
0980184006
0981380811
0987991440
0984938970
0983502821
0985107855
0375005607
0986552354
0987493038
0989908024
0988764175
0986864626
0987640714
0986289797
0986808854
0984232960
0980524290
0989121116
0986849445
0981590389
0989947950
0985419302
0988014806
0983221411
0986168655
0988783530
0988418383
0980952549
0983989481
0989207398
0987866199
0983281441
0984461169
0984864617
0980905264
0985929379
0787457065
0985626361
0865980472
0982869876
0989018581
0988084388
0986075757
0982807642
0915861510
0984499963
0987096274
0983582447
0986452343
0982602186
0987918241
0982083998
0980267205
0986446841
0981347142
0785480475
0989330052
0987488243
0986994194
0989818683
0981983737
0984223466
0988823865
0989938279
0987306001
0986499802
0986214562
0986561767
0989203470
0985758191
0183743964
0987744875
0985787291
0987137265
0983068102
0932770597
0988163478
0981619311
0984325688
0983728343
0986366943
0984173244
0975045030
0983141343
0987496347
0989147538
0980981718
0986182062
0982711430
0989774004
0988047951
0985498752
0980134080
0586316795
0974119222
0981600939
0985955294
0885039510
0982766709
0982051837
0984487966
0985735329
0985436858
0987450957
0981932708
0088307612
0942596946
0980668498
0986418259
0987612174
0985470644
0984652267
0989831277
0980824509
0982513040
0989241074
0984787585
0988499938
0987787083
0983477726
0483897891
0983555007
0989668983
0983986639
0986951951
0984282239
0986646155
0988242283
0984282894
0998461281
0983258758
0989497996
0585987791
0984637082
0983353462
0985917982
0986298483
0987228490
0986536813
0984924433
0988290413
0984916858
0916959540
0984686953
0988477023
0985923540
0981237262
0985232917
0989986977
0987246590
0986813104
0987707762
0986588806
0347353368
0987173473
0985278263
0987911851
0987859872
0981515170
0987047951
0981591778
0981294249
0913718811
0982612545
0985843803
0985544595
0985023285
0989608152
0985370480
0981657996
0984557650
0980704935
0968962099
0980411020
0981177306
0984977830
0989001807
0488941237
0983110781
0985276052
0986313669
0988364619
0987854978
0989553683
0984488629
0998544650
0989950607
0989519779
0983771912
0989273415
0981104498
0983014346
0987644071
0984479723
0984822963
0987497038
0988670039
0986869812
0984933052
0083450904
0981767161
0981860920
0987101989
0981319330
0983248101
0982184827
0983146424
0983329953
0981217582
0988785952
0984713091
0902727724
0982063442
0985142719
0989142121
0988738217
0980355208
0983629070
0983133226
0986133985
0981586466
0985659729
0980878410
0984887356
0983468274
0981598300
0983152389
0983536153
0982434124
0985410638
0987153510
0987663193
0982384969
0986814463
0788070383
0981786978
0983003716
0988495996
0983225170
0986968619
0984401176
0981061331
0985048738
0988338609
0986077988
0980471808
0984632913
0989007553
0984973559
0984222867
0984056516
0585461051
0983732173
0984652201
0983127096
0979159710
0988247387
0982854116
0989919580
0988858925
0989157524
0985516905
0989146889
0984807468
0984875319
0981366777
0707761780
0985466962
0985184668
0987187644
0988074190
0980318436
0980802437
0386550549
0984039433
0580769974
0982736863
0983540812
0906633861
0986414523
0988716815
0983312221
0981865107
0989269989
0989597505
0983619316
0980266827
0989152828
0979209238
0986986992
0980792010
0985888175
0989057116
0987753924
0984088593
0986986470
0822115957
0984748158
0988166321
0981525656
0983128604
0986996950
0988318427
0983845860
0980528950
0986722817
0984939608
0986940922
0988332050
0989672787
0984899829
0987759926
0983886960
0984146773
0988566201
0984983708
0982384336
0989795901
0934747152
0988040020
0987533207
0980699380
0982157471
0980332051
0987116524
0982511418
0984654508
0988815209
0986374088
0987104927
0918373123
0987016749
0394673533
0986247356
0981076287
0983521631
0987631520
0987628592
0984546111
0986190992
0981345079
0989505550
0987014209
0988804879
0980246134
0980120484
0981552946
0987165249
0983971555
0986038897
0982350821
0981128988
0989238720
0984916642
0989537724
0988654520
0987636174
0988386269
0987892130
0980979843
0980345949
0984067028
0980592685
0983647297
0983459407
0985011865
0980769273
0903584289
0984869768
0984437743
0980980860
0986676430
0987946708
0982618702
0986122623
0984404117
0981656115
0980971658
0981267655
0985819696
0985291990
0986905680
0989656825
0985127604
0988499489
0980185294
0986057029
0988266733
0985842456
0987856474
0334778750
0984408711
0987527664
0989323577
0980340005
0985120464
0980520180
0986930361
0980964264
0984148348
0980565188
0986464958
0987618849
0908121886
0982893187
0986519332
0982797919
0988698956
0989915912
0985596678
0980713276
0987523213
0985195990
0989859232
0988964720
0989901125
0984118162
0980546706
0988330203
0980481932
0986954404
0983742239
0944203893
0984659419
0938891052
0984103594
0985313561
0988538599
0985179050
0986475465
0988130779
0980689856
0981314700
0980125372
0985724468
0985726366
0903606448
0989853776
0922676697
0984777156
0984033970
0988999391
0965970744
0983386582
0983462414
0985102978
0985461326
0984500603
0981573456
0981773591
0986666039
0986174927
0980289735
0986681954
0987155720
0988987557
0983533115
0981033649
0985502067
0980685337
0982671895
0985680919
0983508837
0982082055
0988530833
0988736815
0988259986
0983637209
0981751098
0981658364
0984450748
0984966926
0983361352
0983978885
0981902412
0987043252
0983391505
0989645680
0983002570
0988405752
0983121763
0987370402
0986243202
0986121677
0986548694
0981284001
0987030799
0981666527
0985464512
0985935470
0980068109
0986080604
0986240035
0987448695
0982948192
0988218159
0988937861
0986424731
0984543943
0982089992
0986339843
0983765295
0989463172
0983851582
0985767785
0985495041
0989386062
0986860620
0980424203
0981393589
0980300739
0375940732
0984828226
0989628282
0983402378
0987649630
0980629047
0980455190
0989290161
0983511051
0988124823
0989352682
0985434854
0984627693
0989376178
0984176107
0983690844
0989810336
0984111408
0985227132
0982132040
0985074488
0982851149
0283629994
0981089742
0980541994
0987617367
0988401708
0987079783
0988374227
0988001978
0983175943
0981668834
0986146827
0983409666
0981854927
0984504986
0986916730
0987225090
0988377921
0989750437
0988031763
0987373771
0987905401
0980548326
0984321890
0988711126
0987194800
0986184702
0985573848
0987343361
0986462989
0987661834
0983697610
0988570245
0984590368
0988696712
0987682406
0987415407
0984906658
0983581474
0985243899
0763813199
0567769141
0984392455
0981625164
0987716644
0982944747
0980155718
0980641622
0988088768
0484448040
0989060529
0992596491
0982817756
0985505388
0284383537
0988356291
0989926697
0983657983
0983665228
0986677263
0983653719
0983033939
0989614158
0988611762
0980757364
0989790094
0983600486
0985966859
0985053511
0989640652
0985631860
0987346471
0939931239
0983248336
0980354941
0985467673
0981499745
0982705553
0906729020
0985919077
0983425292
0987253393
0987962690
0986257516
0985885453
0982269448
0985133239
0983246468
0980075736
0989130425
0984826670
0986057996
0983601258
0984159859
0984857381
0984473011
0981859266
0783856233
0987555591
0987965379
0984525686
0989744606
0986063500
0987555483
0985723862
0985922222
0982720008
0988742688
0987525555
0984192182
0982500217
0980684152
0983987624
0981591618
0929514459
0982059523
0981429041
0989113470
0983549684
0980277302
0984373344
0980030856
0987528594
0984928273
0987803279
0987291855
0985947580
0980268356
0982487138
0987861694
0981321722
0986838672
0982829757
0984853886
0982681855
0980126456
0987797779
0988306730
0989081488
0981947360
0984041303
0982957221
0989959063
0981656197
0983017622
0983316733
0980743337
0980118472
0989739199
0980903207
0988720468
0482144487
0986217686
0988015105
0944080810
0982072413
0984583579
0987256553
0983933259
0980319288
0988792366
0963353192
0987770878
0985228038
0983630599
0988472204
0986209856
0989659958
0982023103
0987052585
0989717857
0986164553
0987623309
0989297187
0983668062
0987140327
0984669647
0984870219
0981451697
0988631552
0984525800
0981828368
0981754902
0989963157
0972844047
0985378265
0799930999
0985719760
0980589047
0988773097
0980201041
0988428200
0988236915
0989532928
0984884160
0984731088
0982496302
0988512370
0986425287
0985103566
0975958889
0988758682
0989672472
0988820082
0986226291
0983083144
0983820541
0988055500
0987144519
0987809702
0982724432
0983578618
0989280029
0988185594
0987852160
0986708801
0981473460
0988002059
0981265439
0988868746
0982591712
0988562106
0988392836
0987531749
0982488528
0989826223
0980954858
0986859795
0989228178
0983071728
0987122931
0986124277
0982071963
0981801952
0986289199
0984901696
0982083896
0981270261
0989216131
0983893747
0980774792
0986050191
0880096265
0980836375
0987832168
0988610961
0985350732
0982656426
0981287176
0982129724
0986373010
0981387258
0980532977
0988112141
0981083147
0986057901
0986775930
0987037988
0984458935
0986568272
0983767163
0987493816
0880936175
0980583172
0980156584
0987161392
0989380586
0988174038
0982000012
0989516162
0987643556
0985030936
0988146544
0982215123
0984940829
0981843784
0985616011
0989237617
0986791973
0981080822
0983615952
0988940964
0981848789
0989299398
0988355455
0986417068
0989200744
0980314481
0988593788
0981194768
0583575208
0984985578
0987001433
0983418387
0985562928
0986265141
0985169112
0898906618
0985223654
0986422596
0986074128
0986942613
0988387299
0987620369
0980694153
0987751104
0988122923
0924595755
0980532390
0982820477
0988571166
0982876067
0983252433
0986713614
0984561118
0984442840
0984049891
0981833747
0984467256
0984533772
0984282510
0987998412
0988450590
0987586761
0983809399
0986380708
0985885183
0989185374
0987893504
0982791940
0989595237
0986221369
0987466326
0986653917
0984451971
0989795125
0980831402
0988682018
0980783680
0986557011
0988332243
0980273866
0980244776
0986931845
0986970750
0987586878
0987170317
0980756159
0988790579
0982420396
0981306220
0986273770
0984518981
0987225692
0919311615
0988254190
0985814979
0984771515
0981243346
0989396889
0986911000
0982298571
0988814482
0989213367
0986182697
0980118530
0986732004
0983620046
0981770753
0987254574
0982566298
0983628812
0984615119
0989401850
0986434927
0945492010
0980093958
0984050079
0986513313
0980686176
0988732701
0981147790
0985490740
0984751917
0987014232
0985878880
0987860090
0941495147
0984314660
0989609833
0989163973
0982688113
0989019019
0983928935
0983785127
0981705976
0981551382
0986605958
0988930421
0987887719
0985044719
0986995006
0981422488
0987496226
0988445035
0931450904
0566716109
0988894229
0986526002
0986586168
0946449153
0984461220
0980417535
0988664118
0982886552
0937971112
0985326338
0982184704
0989045310
0980704027
0980948622
0982637651
0981712576
0989693148
0986564274
0983250555
0357332683
0985838708
0924653690
0983289260
0985173455
0984286729
0989310608
0982002349
0987664394
0984477841
0981261648
0983391494
0988127197
0588358610
0980814639
0981704833
0983345919
0987863878
0986866050
0936666451
0985422446
0981648465
0988300010
0980405131
0986736943
0989015158
0981089236
0981819281
0982463161
0989562622
0988962899
0983537440
0988411450
0986005509
0983858307
0949279416
0984047171
0986362632
0988712130
0983551634
0980475796
0983264418
0326598827
0988958514
0981358149
0986615227
0988586041
0988655776
0985907373
0986830515
0985284584
0981165507
0987327278
0982405836
0984690972
0987479351
0989430150
0985039698
0982351280
0971504759
0986566624
0569201371
0986703918
0986594178
0987663544
0989495839
0989503170
0989270600
0980332541
0981186418
0989700167
0980281896
0981200036
0986932830
0984356889
0986066164
0996583710
0983814344
0988801696
0982463433
0989203294
0181825045
0986775196
0985378333
0986812161
0986108577
0988109739
0985066637
0987058743
0986295626
0980422953
0395799163
0981904334
0901928201
0987238754
0987894079
0985228555
0975578049
0983904619
0909989209
0989098840
0985942067
0985746719
0984394987
0985266732
0984013942
0489052041
0987568974
0984091683
0987998121
0988756868
0983996878
0984813258
0982884048
0985488706
0980627179
0989224465
0985853525
0987548879
0986798413
0982212179
0982074149
0985767996
0981773618
0987317621
0987401685
0989837189
0988231301
0987141507
0984386964
0983058702
0926927966
0980472101
0986658912
0982730825
0988205830
0987097075
0984025526
0985677914
0987554623
0987211724
0987057663
0981272140
0987937691
0984120836
0980430163
0362832109
0985546535
0984908762
0985464714
0985591869
0907999618
0983248104
0988220666
0931495291
0986084280
0988566774
0357840831
0983923276
0993819811
0981549427
0980766796
0903217448
0981133175
0987974316
0905935102
0983233480
0987638263
0983757920
0987068558
0983262012
0987627840
0986399359
0986791792
0989483541
0981328930
0981405735
0982941361
0980636244
0980646621
0989075147
0938622424
0985273216
0983554765
0355671326
0989881201
0988303488
0984170577
0988663213
0987626631
0982101099
0988061702
0988046956
0980896045
0988938939
0989328692
0985082951
0981264059
0989298464
0989538375
0980772273
0984279965
0980505506
0980269003
0983721647
0984844980
0980821247
0988668335
0981331673
0986364784
0987006449
0982567922
0983736217
0988812419
0982813096
0989031281
0982970016
0985620067
0983822337
0482573419
0989160041
0987642545
0987933538
0981786476
0983445304
0980410727
0985242642
0983553946
0988396696
0984491314
0984811812
0986792599
0983574396
0985788612
0988578115
0983539728
0982617079
0983946652
0986892824
0914687003
0989066883
0983059197
0985832308
0904893952
0986264524
0986596126
0986251029
0986338874
0982443281
0985078749
0987935143
0984117040
0981124340
0980740921
0989086095
0981360577
0988983051
0984843859
0982642941
0984170048
0985140923
0986462203
0987411350
0986424645
0984058806
0983834403
0907463062
0980259595
0984871049
0985314916
0983618301
0985533899
0984128109
0986856991
0982242553
0980613918
0981849399
0980148514
0982292151
0985414527
0982578496
0989936673
0773000307
0989174275
0985388822
0983499074
0985501048
0988774167
0986252390
0983409083
0989348383
0983399323
0983194419
0988434055
0987832377
0986303593
0987508601
0982922026
0983532270
0983824972
0980563678
0986114356
0987889857
0985144076
0989103287
0988584789
0983242806
0985004795
0984459108
0985928448
0983473566
0980146712
0986721350
0988534497
0983673100
0981015295
0523488696
0983031465
0986386738
0989834894
0982799489
0987741636
0981641846
0989049881
0980872610
0568105744
0975366666
0981342321
0986496553
0783028624
0989172931
0903330752
0981912846
0987988269
0988364728
0988644448
0980998776
0985106523
0989149674
0989131893
0986397848
0980562309
0983244867
0987429335
0983930516
0985492004
0984394028
0985840566
0985538280
0988777294
0985433883
0980342364
0984462722
0988500857
0984170194
0988836064
0987185960
0980958740
0983794648
0983595382
0988008003
0985425719
0980283240
0983474047
0989296883
0980679191
0982801572
0925704149
0987235874
0983331449
0986700209
0983968248
0988458757
0984747628
0989242087
0983070802
0989405077
0984449001
0984422090
0985091280
0985008541
0985279344
0987534821
0988937225
0987418004
0983949510
0985323286
0984353258
0984410610
0983731532
0983333653
0989676479
0988651775
0985754932
0986084876
0986076608
0985576451
0984146711
0986454229
0984109660
0984744429
0982579325
0988546490
0983167935
0983359403
0980323518
0085783408
0981712512
0980305308
0985259462
0865376645
0985586518
0987414491
0988185807
0985409264
0985028772
0982517639
0983621536
0881296675
0987699982
0986225483
0985109316
0985504753
0985479027
0987144579
0986888983
0987952805
0986270621
0988753354
0987049689
0983075589
0980952590
0883016559
0983441340
0984882811
0988649400
0989317930
0980713708
0986590727
0984497462
0983287903
0987846557
0982481048
0986683483
0980608374
0986568868
0085372957
0989355903
0911248759
0985944341
0986543642
0984016489
0986077220
0986079987
0985432429
0982612443
0981101317
0987008677
0983510587
0985865385
0980404697
0989896318
0988639063
0989669022
0986158826
0987962916
0984052439
0988176223
0926518671
0987911265
0988688100
0985449562
0986086136
0989833772
0987674640
0986950321
0983778821
0985922256
0980140085
0985613760
0981251828
0986691358
0988597970
0988144421
0986549850
0987393075
0980859997
0985364707
0983981336
0986805202
0984605286
0984459957
0982180610
0987139088
0989647649
0987278374
0982311933
0989208603
0983039754
0984245879
0788996126
0983984502
0999771124
0980220972
0985715030
0980935732
0986788701
0985322316
0989190309
0989044058
0984585415
0985929837
0984711838
0980035129
0986121219
0985781671
0983587698
0985563291
0982559159
0985979066
0984167800
0987096675
0985470819
0983327222
0986770356
0989218491
0987408462
0984085344
0982201539
0986709308
0986937532
0984272781
0988392734
0988051001
0989704114
0988408208
0939302017
0983357306
0981064172
0980974238
0985117947
0983078101
0988846362
0983906373
0989945664
0981193923
0984928419
0982450832
0982846233
0989674704
0986188892
0983995199
0989105811
0987414359
0988396954
0985863343
0982171637
0989179537
0988024220
0983371285
0986899325
0987699862
0982509551
0988373137
0933065200
0981196830
0988968694
0980996561
0985961196
0980761720
0988624714
0989478948
0989265743
0989010606
0981224877
0987734204
0985328708
0979939576
0981404656
0988430708
0983752690
0982214187
0987452622
0915620619
0982498145
0989215603
0980465815
0987764617
0981356618
0986310453
0985563051
0982477374
0985195708
0987109054
0985922795
0989863046
0987154737
0988688241
0904415626
0985153233
0305253926
0985828505
0988471888
0987119592
0983739610
0983397226
0981574584
0955116559
0981010718
0983717942
0980358282
0987787966
0988002889
0981950854
0987303446
0988322412
0988464572
0983656315
0289484518
0985474948
0987494173
0983682423
0988524829
0984218801
0983431555
0989485239
0987767033
0988988586
0989051494
0989496444
0980060753
0983334080
0984341826
0989118160
0983483145
0987903508
0982368453
0988161789
0984157259
0987886628
0986540794
0983932662
0987789532
0987622730
0982077330
0983724032
0984545894
0968320393
0983938729
0989956932
0984476675
0980979164
0988686330
0983910596
0984523485
0982066716
0988883813
0985047931
0987046247
0981594805
0982663433
0983840313
0986726991
0982474216
0981272480
0986786389
0988722078
0980745370
0985083091
0985089234
0985083201
0986504884
0786698013
0986822814
0983122980
0984535545
0989022345
0981919829
0983350207
0980813305
0982235999
0983471013
0702691115
0904609287
0981113269
0980800811
0983729252
0985470499
0985013608
0981243977
0688626529
0981686659
0985131093
0985188679
0987788505
0984105111
0986977784
0982487992
0987058061
0987349797
0984041994
0986210061
0986405192
0986931262
0986033813
0988227551
0985767018
0981551083
0982673069
0985259149
0989819704
0983335293
0784392771
0922670269
0989792387
0986109362
0983210076
0989921767
0986406154
0989278927
0988738490
0985898887
0984691200
0989500131
0987287475
0989278702
0981988857
0988788926
0988323335
0994148492
0983665169
0676886545
0981173805
0980124481
0982350610
0983708834
0687669294
0980971555
0989555756
0981200327
0986668529
0988894193
0980025384
0984840845
0985838489
0981413315
0988253863
0987694930
0989868645
0989264968
0980119029
0988280060
0989338963
0985995798
0989690571
0980792858
0987248740
0987415940
0987840334
0984483988
0988282631
0983202086
0988456285
0987077690
0965789767
0981083322
0984954507
0985146345
0983472227
0905558778
0983653868
0985731182
0989988767
0984789125
0987176156
0388597433
0984439322
0982233683
0988720378
0901693019
0987825729
0983727469
0989666104
0984302816
0987932823
0982520586
0985830932
0980673700
0913709966
0987988634
0987982360
0983431484
0986107005
0989475790
0983387714
0988619222
0988303146
0987622617
0989082923
0373933187
0989131584
0381723372
0989076842
0984203370
0980384934
0906255157
0989542337
0983388365
0983063796
0989798981
0986656432
0783866260
0986896487
0985416327
0981490620
0984465826
0904011670
0988300117
0981629839
0982026787
0988212725
0983799116
0985810778
0989338979
0983193212
0986825689
0980171391
0962709282
0989337079
0988378327
0988910520
0937592772
0989947756
0980129008
0822911631
0987515473
0988900324
0988994431
0976471314
0984372626
0988452632
0983266297
0989846710
0983403211
0986255819
0984146327
0982004189
0988437369
0986213876
0986195592
0359329715
0980064144
0983486852
0989940841
0983587564
0982373151
0704515442
0989621884
0989493005
0989650952
0984936467
0980451834
0985570721
0982953731
0909974559
0986918332
0931149904
0981667033
0981602078
0997367769
0989484425
0988176344
0988414488
0987845311
0085270936
0985955042
0986971665
0984073052
0981830067
0988687267
0987866229
0988688130
0984007983
0969567995
0989120306
0986344180
0987930973
0987531939
0980190076
0980309530
0980399457
0989300220
0283228922
0987328869
0980939764
0980727431
0987847810
0988441312
0887129353
0983932926
0980849960
0988172995
0983216763
0985987739
0286043596
0983426360
0982018875
0987588384
0984026993
0981155155
0985962797
0989545336
0989053601
0988513871
0884510838
0985383154
0980840993
0980942812
0957256159
0989270895
0989081389
0984725835
0927742719
0985533852
0989910975
0987395529
0982888313
0983319884
0980862389
0984151615
0983315746
0989890140
0987710323
0937279997
0988275909
0981963572
0989932177
0982159346
0983332258
0985546644
0984517439
0986132066
0986898757
0989138581
0986584915
0908352724
0987785972
0983493689
0988172223
0982636456
0981195790
0982231541
0982537845
0984816604
0989950317
0980193006
0985570054
0983819326
0987616296
0989810363
0980028343
0987136685
0989334872
0988383411
0989862879
0980491223
0985127961
0986464852
0988940134
0984323538
0986053758
0983733863
0984237029
0981785566
0985001803
0983252480
0986917074
0987123852
0985357527
0983862987
0985707955
0984667312
0987818904
0839893607
0980292458
0481203108
0980169440
0980503805
0987865756
0980632464
0986447997
0982137510
0984124492
0987762779
0982274463
0988146879
0986306687
0985917071
0989354364
0986501021
0986650733
0985274046
0988199611
0914434614
0988824527
0983101267
0980812527
0980233018
0923252081
0984347246
0982810261
0980803677
0988003852
0984790282
0981971799
0984655201
0984852228
0982898309
0985014507
0980485982
0989143272
0985825655
0982882654
0983793890
0989106718
0989813551
0987974165
0985533072
0987939054
0987460822
0987776463
0986621722
0980428721
0989867483
0989339012
0985720008
0987504340
0981816437
0989054541
0985272870
0947749939
0989755236
0989037396
0983445618
0982014129
0986010955
0981098911
0981946965
0989888395
0987755584
0989833005
0980477480
0984421738
0902953484
0488550792
0980123976
0989517086
0994383686
0985775152
0981697293
0984148541
0989984512
0988569714
0985881066
0986593895
0985798379
0780848974
0983675716
0987564591
0987949764
0986117984
0989879230
0983516523
0987365614
0980315576
0989425730
0989730699
0983183216
0988216699
0986404020
0980676000
0982490949
0986333618
0987680604
0982749908
0982541384
0988893006
0980374798
0985873331
0982301300
0981110456
0984657200
0988891914
0987684342
0980292742
0985710958
0988478434
0983711274
0988921457
0904067347
0987609129
0980964508
0983961567
0989142577
0980311441
0981187173
0982714925
0981884690
0983019297
0981328887
0984988437
0980431328
0980361521
0982645197
0389468760
0981954950
0983040356
0982884625
0982985341
0987335096
0987812817
0982609701
0989110791
0983125422
0989491595
0989691644
0981477164
0982733849
0988570081
0486756191
0961300017
0988061800
0980228116
0984326455
0886547814
0080863145
0982250532
0986334961
0987602845
0986309352
0987735378
0980266750
0988380225
0980772784
0982213624
0983869356
0987369545
0989952562
0981758769
0987710692
0986180417
0983618572
0986176304
0969689024
0987131598
0987365450
0987552947
0985807900
0983872000
0984483497
0987503069
0982434210
0983174282
0580372052
0989824890
0989097224
0987113505
0981086634
0983526822
0987224424
0981099641
0982641031
0983733539
0984162420
0989858370
0984397966
0939002731
0984743121
0983215030
0988679751
0886548721
0980209126
0988462334
0988286432
0986981219
0984197985
0988705413
0988809650
0989839489
0984362534
0988704914
0988843963
0984854771
0984711949
0982672905
0984808129
0983862043
0987978055
0989439094
0985850323
0985667928
0983819213
0683422840
0987648800
0986766794
0982539533
0986655739
0986907672
0982863132
0984479400
0988887818
0986946521
0983916295
0985467878
0984401817
0089020355
0912912302
0980638802
0983531667
0983622021
0985891043
0945633006
0981500050
0987671607
0987683268
0998804099
0988752697
0988010542
0988826863
0982604953
0987954689
0907809191
0980107770
0988578650
0982714436
0985597779
0987334033
0987377125
0987405576
0982326792
0985219924
0986605360
0986815582
0986727092
0981405825
0984961680
0986366432
0778791228
0984849559
0986231427
0985176241
0987643822
0986600137
0799274885
0989976911
0987148026
0910301454
0981170402
0980012130
0987490396
0987194102
0989903523
0986196339
0985947114
0989494461
0987109139
0898377929
0988493483
0986706316
0982301432
0080811492
0986575263
0986069162
0980305559
0988010023
0984153052
0988788146
0282897675
0982343113
0980523690
0985903550
0985769199
0986018515
0989908454
0985163948
0987010658
0983831559
0986937076
0994030894
0987333846
0987329795
0957426195
0984853903
0986582701
0984534839
0985564988
0989483119
0984307821
0984721302
0987262878
0981583283
0985000636
0985336320
0989230502
0986906861
0986376199
0983167948
0982381817
0987591592
0988426141
0988596656
0984874729
0986206365
0981229006
0189016077
0985765596
0985009950
0989215425
0985089630
0985505451
0980422204
0966229134
0988197069
0982867883
0985813609
0487793511
0989527833
0985353134
0983470946
0987834162
0989627406
0988422383
0987048258
0986360067
0988748602
0985244622
0984007319
0984028196
0980481812
0983330952
0985068649
0989996592
0989075919
0986555411
0996733221
0764629703
0984137863
0984925762
0984480094
0987966295
0943200985
0985474978
0904450148
0982810945
0985747847
0985934668
0981909284
0985473331
0982815321
0985525636
0987039914
0980094563
0987310906
0983215513
0982817127
0988189875
0984451141
0983570712
0985076311
0983338156
0988733284
0985929454
0987362678
0989867840
0980620091
0983049221
0985824987
0986216624
0988023960
0986254181
0985331497
0989934525
0982056912
0989442678
0984786732
0982857166
0907806385
0987507111
0986783253
0984871801
0987553883
0985832093
0987067058
0989732031
0983676477
0583135030
0189926777
0981671549
0980901941
0986578305
0983382034
0988994544
0980802115
0981138057
0982479428
0982798211
0989285432
0984436773
0989095784
0987264512
0989445008
0283222715
0987171636
0986111244
0941267065
0981222140
0986383977
0984339042
0982789185
0985206081
0985318031
0399302314
0989343510
0982666055
0983822828
0487399611
0923519930
0980328212
0987215850
0986156047
0984303286
0938759373
0985862382
0985238744
0983823562
0983017573
0983956264
0987587102
0985070212
0680910287
0987677035
0986910564
0982919018
0988474350
0988157191
0939432606
0982734780
0937391237
0937208042
0988221886
0987390108
0986427267
0987635530
0988047683
0989352987
0982243712
0984759759
0982086706
0988222188
0985863779
0986251527
0981958521
0987234099
0986423918
0986781626
0987361744
0989666597
0980552727
0987640855
0981253810
0985752634
0981290699
0907087838
0908430909
0933766354
0982545312
0986287470
0979158309
0984900536
0989825095
0985712303
0983544214
0980478615
0983910257
0285269653
0986693060
0932214305
0982841662
0987230039
0984982588
0988900770
0983932698
0987292867
0981903376
0980723026
0980534685
0984839639
0986456404
0989431031
0987387691
0989072699
0939105612
0984526013
0989814783
0986556801
0984587332
0989194705
0987258591
0989932224
0985603804
0980174525
0989747784
0983640770
0984097746
0985064995
0988645910
0985726107
0985736395
0989397177
0982177165
0986461354
0987739944
0986368305
0983225409
0985629996
0984312104
0984898950
0983333302
0982652744
0989767034
0984680465
0984318768
0989291988
0987299850
0983873857
0987689541
0982372384
0988985460
0989323623
0984464841
0980860308
0985232673
0987296737
0988665797
0981973233
0987495138
0987997050
0988340729
0986755890
0983976270
0980231910
0986355855
0985473273
0989350615
0983747808
0988050263
0907892041
0982153284
0985042689
0980671498
0787581347
0987299486
0980594897
0985582750
0986408017
0922672612
0985353899
0988518452
0984224630
0988252905
0985459107
0980011960
0982508994
0989850454
0345727757
0981250237
0989970607
0987957271
0985332446
0985577870
0983917474
0983402498
0983671504
0980443067
0980101277
0980863563
0985630235
0980303072
0988033992
0986873925
0980624755
0988768988
0983737479
0983226625
0983571579
0989125123
0985114040
0982639326
0986807031
0987009839
0989522174
0987989256
0989090256
0983024722
0984773604
0982654144
0946943293
0983372025
0983171090
0981439244
0985230727
0988899587
0928480805
0980486719
0987104825
0987007344
0980106737
0884514233
0383395945
0987744423
0982679254
0989348446
0980608075
0983941995
0984783718
0949693979
0982507340
0982062478
0982811865
0980512281
0985118120
0987935553
0989487740
0985762904
0936971480
0989673387
0989405229
0986073787
0985199708
0987301812
0982867017
0983424224
0988066169
0983563916
0980873641
0982090310
0983347968
0984925170
0983440809
0984926954
0980151149
0984274838
0989059739
0987825026
0909255712
0984012631
0989030698
0985353912
0984807593
0985871599
0985181743
0906696448
0983943622
0987794547
0982344403
0988444632
0984905234
0982426743
0983924980
0339213289
0984111436
0984998642
0987766301
0986139764
0985672993
0982716446
0981503539
0982167582
0987112854
0986515872
0980109051
0986571750
0987234198
0925568474
0989004228
0989187020
0982191650
0938982959
0985767803
0986405728
0986364551
0988740216
0987631418
0984982963
0989480744
0980834565
0988128541
0988283357
0982174508
0983007738
0988462252
0989657105
0982675929
0989673412
0984246689
0982227799
0981819077
0905239955
0489240094
0981694218
0987098157
0985436712
0987487506
0984311412
0986276477
0988979461
0985250873
0983710476
0366498948
0983748645
0985922532
0981938608
0987866694
0988599554
0902790348
0984215665
0986206681
0988276347
0989456340
0984016297
0986567288
0985215962
0989680563
0987082537
0986681280
0988204942
0988375173
0987974949
0985667848
0982970854
0987377561
0989368181
0989585004
0987282263
0988055786
0983037696
0983242661
0984549053
0984800758
0989533406
0984928389
0986464477
0985722040
0984354855
0987332855
0985646524
0988409499
0987970448
0982544115
0983304788
0987040784
0987960760
0931244266
0985460587
0980072602
0986951811
0980246133
0987891760
0989422249
0702886957
0983916227
0987705854
0982276647
0980974989
0985559590
0986307084
0986585415
0982105103
0987201488
0984403243
0982524318
0988834804
0987226701
0989581888
0985984723
0983389551
0983350988
0981940536
0989213861
0982271420
0980281056
0985885617
0983240478
0983284467
0983617121
0984758196
0982629303
0388616927
0985836023
0988675171
0981892807
0083288978
0989215923
0982348212
0991768400
0984374251
0985914673
0908428018
0987741054
0988415816
0981569281
0985336193
0708298804
0985267940
0984424824
0984707105
0982748662
0980560323
0982938822
0982332107
0984106693
0988042200
0987724445
0987662356
0981444431
0989274822
0984657707
0980451815
0980560219
0984083311
0987304832
0983760876
0389273334
0989409777
0982023193
0981892701
0989616147
0988503520
0961434291
0984778977
0983170736
0986161498
0986194861
0986802482
0986236532
0985384562
0988661048
0984558996
0986217252
0988523275
0983938158
0988221686
0984098461
0983563840
0986109591
0980337573
0984445453
0982530053
0981277157
0981705022
0983259318
0987094748
0987441939
0984780437
0989263903
0989331712
0988032081
0983061760
0989889484
0983670305
0983207286
0488572101
0981360688
0083840329
0988184268
0982879116
0985772187
0888081062
0989824374
0981533554
0081805275
0989444488
0958061015
0988436388
0986911755
0584195186
0987218881
0988132598
0933721946
0980550881
0985347753
0987476560
0984975133
0986979612
0988474519
0989451189
0981087625
0983354909
0986999442
0982696077
0984863069
0981236528
0987422706
0989686692
0989272593
0980478817
0985217374
0989780510
0985846336
0988910115
0986559750
0986149182
0983252100
0980386880
0985342548
0981706954
0987882005
0983584352
0984330718
0985357763
0986378609
0980473641
0984303844
0986322001
0987103408
0995300479
0981286265
0982784291
0989977769
0986277938
0989571165
0984730484
0982543169
0569201312
0989133372
0989664813
0988188251
0985497490
0984000911
0785693820
0981061539
0986725319
0986661451
0980566058
0396601031
0987499157
0984351595
0989039265
0982364081
0569201361
0987676411
0981764236
0907217266
0989272000
0988077349
0984569387
0986244768
0988385907
0986067037
0942353864
0987407596
0933980366
0986619312
0989645489
0987009713
0980466116
0981677213
0980973474
0919152328
0985839699
0995993669
0982039313
0989010691
0988945232
0988974249
0986424272
0989659232
0380956387
0980786398
0987302301
0982366374
0989593510
0983397070
0982541917
0980598097
0985681130
0982696809
0985627863
0982456978
0983285931
0983298529
0982294091
0986274322
0985698763
0983578006
0988604593
0989764482
0985181650
0989456365
0988177704
0983548864
0984952817
0981094721
0905325998
0987587993
0746142261
0988289657
0983284339
0983317951
0981764208
0989537398
0988888799
0982899316
0989115058
0980047785
0989675532
0986532435
0986931847
0984302534
0980640800
0985077199
0986865836
0980360423
0989426720
0974238006
0984862352
0922559212
0981596479
0987198288
0988076338
0989950596
0983332685
0987821117
0984796054
0869416542
0985012117
0985803646
0982636444
0987452809
0987371197
0985222947
0981264935
0988260553
0901300420
0985476748
0983814918
0981653758
0985141002
0987092166
0987300433
0988794738
0986031045
0988014751
0984665335
0982127689
0983450936
0982513893
0986760079
0987375508
0986181979
0981997846
0981873355
0987242623
0988452695
0981480770
0989884494
0986259379
0982136734
0984032740
0987744747
0980990231
0984534224
0981513713
0982407778
0989815949
0983729832
0989004416
0983515053
0987471180
0986127035
0989957948
0984333802
0986822063
0982420173
0986159532
0985671413
0980839216
0984732577
0989504510
0981142200
0987998875
0983568306
0984430730
0987320248
0984207392
0987312128
0983110556
0983960091
0982600587
0984857470
0986649468
0980475403
0988197769
0987328440
0982700225
0982546406
0981384416
0983792823
0988070884
0987588709
0983715083
0981890370
0989297319
0982351547
0988859678
0780252920
0985837832
0921642582
0983300168
0989281040
0989084009
0285849938
0986472898
0987210134
0980034318
0981069190
0981872187
0985091629
0980760694
0913589367
0986837905
0987332568
0983654148
0986444757
0989013043
0984041497
0987475123
0983357087
0985469071
0987434292
0984935144
0985232234
0985394542
0986101357
0980530814
0988087394
0987197113
0986269174
0985543548
0989097219
0983900100
0985089397
0981538362
0988565950
0980084948
0986278105
0382630621
0765843975
0680915546
0986075509
0989876498
0985798639
0986546935
0981746341
0287943253
0984431757
0985692834
0984008681
0988096751
0982683726
0982867159
0983496735
0982631651
0983977270
0989367895
0988931610
0909781871
0988069753
0984735787
0945321797
0984106438
0996582870
0987765428
0985197322
0982756386
0916873119
0986325156
0989946322
0982419912
0373641539
0986276375
0985867058
0989728578
0989924971
0983345998
0988234455
0984509229
0988262376
0980911487
0933892257
0981976556
0986862941
0989140588
0985756183
0988757951
0988181592
0980851635
0988977365
0980724775
0989313692
0988423152
0989748670
0982380277
0988049819
0986376687
0983631894
0982029424
0085025441
0989748658
0985939299
0984344183
0784698452
0985614447
0980020665
0983216402
0186183830
0923993395
0986588928
0983951059
0989830370
0981013418
0980873175
0985694457
0985801701
0986108149
0989966867
0989529530
0989102469
0984961521
0985584422
0987856589
0986012052
0703322406
0986407872
0983672808
0980468816
0981296066
0983689273
0981785945
0931801927
0986884738
0988018396
0287387121
0981752743
0582223886
0982022421
0987290486
0984389046
0986857731
0984709611
0981655729
0987497776
0987907866
0988972680
0985979626
0988651714
0982981610
0986550050
0933110103
0980118478
0982253973
0986047567
0985703029
0981672579
0988423986
0988118747
0984634972
0985437388
0981122272
0988402014
0987747282
0985743997
0981255764
0980024130
0989674661
0989102904
0987776499
0984069761
0988195151
0987660387
0981154685
0980960279
0982589072
0985072217
0986682171
0985582146
0984896429
0981581337
0982465297
0982566935
0984364557
0987449101
0987303314
0983039824
0988367777
0983065617
0983460700
0983129301
0989084869
0985421090
0984955249
0985963688
0985202405
0980637156
0985666802
0989981990
0984444232
0988898349
0982046092
0982398984
0980296191
0983421016
0984717748
0983047642
0988265889
0988364280
0985624547
0989831570
0989789378
0980788666
0983539541
0989726813
0985376161
0964124313
0985698348
0981654062
0988166183
0984527041
0983264975
0984055722
0987191933
0980269386
0988620820
0982381733
0981114095
0982357164
0980883286
0949364535
0987911137
0985567814
0988859560
0986425779
0689154027
0981863344
0985306396
0986396494
0986671339
0984865917
0981599334
0989996798
0984340952
0989761416
0980160266
0962772323
0981128379
0982385246
0907514390
0987934010
0902059958
0984862991
0938888770
0986428911
0989882419
0988808776
0984922853
0983337308
0984936358
0985959506
0989316433
0986389968
0988391396
0984461598
0988382870
0906759010
0982769615
0987334414
0980542249
0981417469
0903177093
0984761518
0980829720
0986899813
0986437274
0986191954
0987900033
0914186577
0989845352
0988719974
0382879980
0989745719
0985006215
0981064086
0988413552
0983853255
0982941248
0983315131
0985847356
0987606961
0989749064
0986623178
0982716457
0982313765
0983460429
0983512100
0981356712
0989643668
0987606630
0983654257
0989562291
0982555580
0984671967
0980067655
0982218366
0984346841
0982284875
0987252486
0985832111
0981998840
0984992488
0983515936
0985110404
0984323652
0982963559
0982387635
0984572938
0988164011
0980270601
0984520588
0989159685
0986421482
0973554025
0988930427
0982740969
0988465401
0982869504
0987420096
0983913869
0973332458
0981410682
0983176285
0984415906
0987740194
0986265476
0587929616
0981273371
0985810412
0982328712
0980459166
0988818289
0989217157
0983198853
0981122030
0783557300
0985791381
0987126253
0983463675
0984324445
0981885917
0994337680
0982690274
0966415661
0985742425
0989711993
0984268993
0986147167
0684738938
0988382866
0981817821
0987062806
0985193406
0988970386
0989103974
0985065726
0983316324
0986895245
0914950822
0985319069
0989440343
0981885440
0923039999
0987606502
0986382620
0986872973
0986573801
0925678715
0985386584
0985824592
0984499617
0982341431
0988662657
0988196195
0980702893
0981000408
0985998891
0986754756
0985954849
0984752451
0982350392
0682235903
0981782921
0981863361
0988031809
0983550861
0989745727
0987793604
0981063641
0982647307
0984103729
0984433084
0986389062
0983800480
0988528974
0987990489
0988644385
0983561530
0982491230
0925564507
0988609341
0984650510
0986634843
0989593123
0983320875
0981225736
0984908034
0986515974
0987543991
0187533333
0988334004
0989321271
0988093603
0983667293
0981119229
0989215160
0989986534
0985465226
0987860426
0984768053
0981541039
0988290289
0986572548
0985592022
0988359541
0987245058
0980955308
0984520929
0980587031
0985008126
0984042598
0782375697
0983600749
0980289441
0988812007
0988535910
0982900075
0983782674
0987943653
0989488685
0986249266
0986912577
0989537175
0984944798
0980501604
0981019349
0987130259
0980964829
0983297914
0985265868
0988004274
0983988561
0983675026
0981803953
0985349149
0986596983
0984825467
0907787638
0984721294
0933730087
0986690177
0984721912
0986647194
0988058701
0285680584
0983778086
0983417735
0983992700
0989851377
0986193706
0987977836
0983752950
0982587183
0984078874
0981355980
0986266770
0981055608
0986534185
0988171477
0986282374
0989756525
0985170994
0983528786
0980492109
0987494147
0987194288
0983670041
0988594041
0984656605
0387379481
0987068805
0909300345
0989740742
0981511242
0987315650
0989024051
0986321578
0988182573
0384686217
0980760440
0987501962
0989306109
0984308471
0985605318
0918334059
0983181769
0999312719
0986241896
0985100304
0984984191
0988673505
0985700342
0985552370
0982021041
0523579016
0985782441
0987759290
0988468120
0978999712
0985479532
0886722075
0986944857
0083945464
0981868564
0989382849
0981790430
0982488228
0985431774
0954144886
0989072422
0980534198
0986429568
0980978940
0814685153
0980922861
0889093777
0982302113
0984142131
0989908162
0987283951
0983442068
0985919403
0981449483
0985811283
0982716345
0366338842
0984787421
0983600266
0989153130
0982620616
0982549348
0989589585
0985814564
0982143548
0987843546
0989059902
0988991878
0987304065
0988950648
0986528835
0986489431
0985392973
0983848732
0982012446
0285092447
0980726443
0985569042
0985914995
0989962843
0989748473
0980074253
0926999743
0986778491
0987308479
0985055879
0980109345
0986893589
0988202622
0987836014
0980127611
0989235990
0984594432
0889813015
0985491938
0980702822
0987637260
0988389169
0983580461
0985752102
0985760438
0987704247
0981834509
0987877169
0984110947
0986879633
0983213412
0985834621
0988054194
0902375567
0935930125
0986126419
0916880689
0982581159
0984925932
0980371753
0981277569
0986092660
0983863761
0987739514
0984001406
0989046977
0988293726
0989598594
0984553470
0980689050
0982932885
0989115042
0982144750
0981140731
0985742697
0981524040
0984525091
0982728809
0985117219
0986993778
0983557756
0994889821
0183028607
0987451667
0983435244
0985665582
0986806545
0980548463
0981847009
0984337377
0977667416
0906102950
0986353520
0989208331
0986132636
0987556186
0987133195
0925793794
0984627059
0986873162
0985398931
0988048126
0984099231
0987091795
0988280202
0981393863
0947631382
0981185654
0789822972
0981891564
0984004296
0983022025
0984136057
0980186412
0989405739
0989369779
0988201273
0982924159
0989771484
0985202905
0989479658
0989807423
0988352726
0988610893
0986587289
0980118852
0989317276
0983082362
0980761459
0980369528
0985007011
0985215066
0987039537
0984840146
0985662366
0985521773
0987536410
0985846097
0981387863
0988133625
0989007650
0986070147
0982942712
0986079923
0988994908
0986468183
0985997954
0881934878
0981237817
0984451860
0984307696
0365342025
0985680079
0989336268
0981088006
0986160778
0980610618
0980820030
0987318117
0989451012
0980884178
0985544519
0985445782
0986205326
0288442316
0989543332
0985755438
0981302457
0985625318
0985126632
0984476005
0983403563
0988616371
0983094442
0984143299
0989169881
0985410114
0983962302
0986866761
0985926953
0983888204
0987379648
0982622026
0985948329
0981400071
0983603440
0983902037
0986078003
0985192307
0981679848
0983645208
0988778123
0986683608
0981473442
0989977852
0989739673
0989593474
0983964707
0974729894
0986046570
0987224505
0986098819
0185156787
0983231786
0986021174
0989540632
0980378083
0985526621
0989752875
0986019191
0988957192
0989597951
0980455948
0982744731
0985898784
0987994149
0989772462
0980786794
0989383612
0937214891
0989436355
0989340299
0794921449
0987551177
0986548784
0984075320
0985338875
0785313058
0985179876
0985023114
0981732683
0708688197
0986491404
0385032696
0380156576
0988419490
0988493387
0988288707
0986940763
0980002625
0988451462
0987992249
0974405210
0981914118
0983996639
0986961277
0988351912
0981138010
0981691951
0987863904
0969917509
0980967343
0985629382
0984998081
0984205059
0987749453
0903660973
0480652638
0988672207
0985612880
0984679828
0986968914
0988982759
0985799655
0985719835
0985187113
0980329480
0957222826
0988482181
0987018349
0984112728
0989305531
0987756470
0777943285
0986963336
0987428228
0985340965
0983460077
0984653181
0988687370
0983276186
0987497178
0988232686
0988606135
0989331585
0983262571
0986076055
0986891974
0988084156
0982939579
0984108485
0980182103
0986244515
0981917163
0681385684
0982553728
0986949181
0984611472
0983559099
0989335589
0980480746
0989127429
0985193516
0986568332
0985308945
0980403463
0274234774
0983607367
0985217030
0984974678
0988190423
0983460292
0989273566
0981486171
0987992190
0988261592
0980516691
0983460581
0984262410
0981388088
0979934004
0983329406
0984483427
0785432235
0986989878
0981306501
0984268269
0980996012
0988747746
0985450482
0985622639
0981649764
0984371232
0985480464
0915499707
0983940006
0988639111
0988723191
0980485940
0989814437
0985681113
0896439447
0988287561
0981003230
0988968431
0982205047
0989282837
0987501888
0988708908
0988704598
0984363766
0984833540
0989016110
0983215625
0983930141
0985034538
0982198448
0982321240
0988751170
0994245048
0986404378
0962391710
0986566188
0988158098
0980744473
0987513865
0985138292
0927316231
0987182991
0984236093
0980767251
0985177203
0985382822
0982238028
0986837985
0989817563
0983698007
0980671925
0988847371
0987243706
0984262272
0984620979
0987618807
0983796725
0987496410
0982056274
0988552281
0987968408
0987462487
0985370558
0988740622
0985802118
0982475184
0982133912
0985903157
0985396700
0985708966
0980761693
0980276446
0984184081
0984656705
0986814950
0989598901
0986566319
0980632288
0943703828
0986601533
0987662972
0982673172
0985188256
0989342282
0988179360
0989896117
0987435106
0987950352
0984366058
0322398724
0785273585
0981357947
0987778685
0985831565
0932718841
0980399084
0980671260
0988372518
0981130770
0989497852
0983250517
0985026393
0981937815
0984850387
0984814744
0987227516
0984020421
0388686292
0987145388
0981604584
0989126915
0989849875
0984431023
0989606179
0986437701
0988305410
0989021641
0982253730
0984430629
0087631369
0998415939
0989808857
0981947069
0989159543
0982833423
0989717584
0982427720
0984377804
0983092487
0988453828
0986581551
0982820712
0986532150
0981375100
0983545529
0986025438
0986358117
0983503670
0983795229
0981206227
0989693240
0985538320
0981088881
0980829728
0905444500
0989169092
0985687887
0984861679
0588015825
0981032853
0984686364
0985997582
0985447273
0987984850
0988706630
0480814270
0986358336
0986510189
0868641168
0987294729
0984105263
0482599371
0983755335
0984756937
0981062134
0981285160
0985619841
0987710406
0981600258
0985042669
0984498994
0981863637
0988190068
0986638178
0988985629
0982691690
0980350138
0982408179
0986338459
0988995287
0988754946
0986109246
0983529140
0988070982
0988935320
0989883294
0980173296
0988851671
0984312464
0987218041
0909313170
0987708204
0985528512
0569537361
0986154914
0986548199
0985993138
0983419318
0989415647
0985873593
0981007606
0982717884
0986788284
