0988280197
0988483238
0903636742
0980331042
0985833136
0982084074
0952604152
0980069884
0989423681
0982041524
0981312419
0987227651
0988153131
0988186516
0980401337
0989564172
0987249942
0985195027
0983812634
0987625326
0986663991
0984407824
0982746200
0984539572
0983925395
0980699778
0983917987
0989294983
0985438789
0998915245
0982094631
0983397309
0981114728
0689768360
0980268327
0944558816
0984547608
0987814755
0986358417
0984725478
0988701069
0987013861
0989917930
0988886178
0989148467
0980518091
0980397159
0983234457
0981312000
0988608920
0983787501
0984880706
0981196394
0987724973
0989556656
0986175168
0985086537
0987107319
0987628005
0980839513
0980166596
0986559427
0981669856
0985024135
0988416199
0987805162
0985413716
0985763806
0983918596
0986879772
0986410382
0989882150
0982758928
0985906139
0989129993
0982869234
0980918592
0985679919
0987766437
0985481192
0983716864
0984283194
0989456365
0989522838
0987791419
0985942070
0983541093
0982077658
0983679793
0985992672
0987953267
0989794272
0983264482
0982293797
0986723490
0988158804
0987906613
0985654340
0987513660
0982356976
0985892689
0986427955
0980666690
0988172973
0980262979
0984635613
0987050774
0985943349
0983527721
0988991319
0984145383
0983736170
0983528294
0984941735
0909633578
0932718623
0981759236
0985332252
0981650378
0981404205
0984400479
0988893742
0984398455
0986555190
0982976228
0985843663
0986275703
0987385527
0980967094
0987957845
0987211163
0980097098
0984199630
0984990001
0983834981
0488830633
0983979512
0985315822
0959763334
0680329788
0987766337
0986854587
0984731127
0987092306
0989290923
0988370914
0985379806
0982967755
0986727501
0987991305
0980017405
0984331830
0983827738
0980939439
0983191267
0987543747
0981759945
0982130524
0984174684
0989457951
0982004609
0902449793
0988480318
0986301454
0981655897
0982730086
0989927548
0987607275
0989556114
0989119522
0985201613
0986109423
0987627927
0889215378
0986656856
0920888453
0985226637
0989322796
0984009077
0982610352
0987161468
0988891093
0987504340
0984026733
0981367101
0936264978
0987128367
0989939428
0983227644
0983942479
0985045203
0984121553
0987215304
0980137294
0987072203
0984081107
0980538276
0388312608
0985638076
0987622133
0988638296
0981912981
0881226372
0984940176
0980244766
0988948027
0980116169
0985948329
0986081600
0980309165
0985249626
0280948055
0988422621
0985331994
0909344138
0984412914
0980002911
0983122790
0913835394
0985804681
0989849446
0986111149
0985549060
0987445868
0984796665
0983669070
0987186114
0980357865
0989296584
0982899910
0280584344
0983153742
0980129253
0983999534
0988717341
0985795431
0982680117
0980613705
0984461619
0989555304
0986221735
0986550477
0988786207
0984340952
0989794425
0986106436
0986959186
0980667317
0989644094
0787858432
0980943473
0988008009
0687387781
0989307777
0989128200
0984070893
0984289163
0982079827
0988937686
0986154027
0987122908
0982511526
0985176072
0984186722
0988571393
0982412033
0989485374
0987263648
0984233069
0984470824
0987294954
0987851916
0983706188
0883415943
0988421159
0984030955
0988908550
0984543315
0986430885
0985292954
0984150423
0981412859
0981710752
0984427479
0914233769
0987124802
0914636142
0987708881
0984513324
0986190533
0989813551
0981151758
0907510554
0985378373
0989916766
0989283183
0986022747
0983864358
0988237654
0982930687
0985737498
0980561150
0984375220
0980302694
0984813258
0981153571
0983404547
0983181809
0983899622
0983893467
0981370806
0989018784
0984888288
0986055720
0985052590
0980775985
0987953815
0982286353
0980583101
0989430766
0981904480
0984982514
0986956281
0335786804
0988045636
0986008655
0987253692
0985870273
0985635359
0985870420
0982241153
0985503303
0985860506
0933133183
0986548718
0989425488
0989981228
0987382777
0989901984
0986656164
0983368433
0983462961
0780853708
0981157412
0983045600
0981393760
0989645450
0982906083
0989245331
0984677112
0987856101
0982075567
0987723575
0985065182
0986636432
0987839460
0985184397
0991513472
0985753812
0985276159
0983018632
0984057180
0984312617
0985246515
0981281059
0983448403
0988930153
0908660764
0985609384
0987549371
0988959689
0980707936
0987037924
0980088239
0985869273
0987699145
0984788013
0985707511
0983710943
0983380813
0983803113
0984748957
0987180325
0985188968
0989577470
0988307198
0981971710
0989581653
0984136974
0989081736
0988697331
0980440483
0988967668
0987048347
0984195579
0982467488
0985033324
0982979097
0983019680
0982505115
0989774047
0904756716
0989142004
0984225803
0987922007
0986891220
0980236027
0984906807
0987444197
0587308479
0985782587
0686046133
0982049264
0989005660
0981900372
0985768345
0985108478
0984700194
0982888021
0983523294
0987366623
0925795126
0983717128
0985449475
0985414783
0985239639
0980689538
0985390540
0989685446
0987520877
0986741727
0983823386
0985707955
0981211913
0980243370
0988426511
0985008162
0984234531
0981389450
0987909541
0983813281
0986255559
0988919858
0989421329
0587585656
0988563669
0988486310
0987399136
0934028869
0986219054
0985699345
0980469582
0989415965
0986652828
0983136704
0983639553
0988482253
0988971487
0988336726
0983664797
0982403986
0986857907
0985795880
0986614892
0983120043
0982313307
0981968998
0988753354
0988324820
0988015778
0989544374
0988116358
0989113791
0988565306
0983654574
0984424989
0982982596
0772900820
0986033824
0981396057
0285634094
0984217381
0987772018
0943132671
0985012757
0986265525
0982737770
0987926586
0986120327
0985886823
0987135686
0985431978
0988818283
0989824634
0987974101
0983319128
0987084027
0983237239
0981395274
0989160874
0982083670
0985843977
0984506395
0907147806
0986339725
0984651416
0987517986
0988215268
0985029062
0985884362
0984658236
0985281628
0984138164
0984814676
0980252867
0986617554
0980143210
0984740023
0988621749
0986403764
0981193587
0987007852
0988571721
0988557013
0986242560
0968976005
0980636101
0987833846
0989961725
0987376984
0987512942
0918455372
0988627483
0984126378
0987519778
0986773622
0988502864
0989151100
0984376461
0982632393
0984990078
0984267979
0988495593
0988240658
0984780437
0989337365
0982573715
0984374569
0989260802
0983439187
0982612122
0989493386
0964357869
0985911418
0982830919
0833332848
0904616882
0985119469
0986709050
0986627763
0981197862
0983209609
0987271499
0988285208
0983659334
0986557892
0985980480
0980279630
0981269176
0984065415
0780706617
0985760735
0985813727
0986030245
0985069991
0989990031
0985597110
0984033633
0989669012
0984912490
0982614021
0983583653
0982603467
0989709072
0989654441
0986533234
0980476985
0984880066
0986816683
0983669864
0985194721
0993548681
0988195748
0903040764
0987428858
0988948675
0985323250
0980464688
0985066699
0984400850
0580622134
0988054801
0981304197
0985901271
0985759527
0981314545
0986593244
0985200998
0181534967
0983750107
0981836982
0982137576
0987675034
0980415279
0986033722
0985225396
0983424315
0983770576
0986354676
0986063026
0988326996
0981875734
0983047978
0982873546
0984889774
0988969933
0984653122
0983665103
0956114478
0989641320
0980118292
0989673497
0984426163
0987435583
0988688840
0987312034
0989941618
0989530994
0986231008
0985377455
0989717133
0984997156
0985733005
0889707080
0984567699
0980910287
0985487596
0987480094
0983015186
0987691752
0983984539
0984660103
0989230029
0982041435
0984938965
0983193362
0982383432
0982307368
0984825008
0980018040
0981318153
0984593246
0987538745
0982040548
0981692670
0985313753
0984299494
0985088283
0980448532
0983727679
0989880423
0982021726
0981870627
0988277058
0988207726
0983525089
0908420084
0982283876
0984119512
0989457579
0981048124
0983885188
0988897271
0987486732
0986195376
0982228990
0980581709
0931076533
0982427811
0986780134
0981190933
0983551646
0984406792
0988602700
0983712332
0938543348
0985196887
0979197564
0987557977
0987276620
0989010191
0983926180
0983460386
0989090002
0989376219
0985031154
0982700058
0988626820
0981749332
0987599161
0986438310
0985304582
0985207271
0985222235
0981486143
0989485239
0986667683
0988180736
0981529777
0983781999
0982319496
0980087392
0980964508
0987430142
0982709282
0988235300
0980323156
0988892350
0984670056
0981775844
0983371296
0988545117
0985481390
0983945028
0988585732
0984746437
0986081342
0983517050
0982915193
0989711596
0984752847
0982105786
0980586095
0982856539
0987999176
0980837084
0985670390
0989003193
0982638562
0989432688
0982562791
0981614197
0933313909
0982176506
0986085797
0986198379
0986701748
0985811614
0983805020
0989182791
0981803804
0784771960
0984627380
0987588167
0986816058
0988249488
0986385584
0985753389
0889589535
0988517164
0586366785
0986595331
0984700874
0986552072
0980932261
0987381093
0985085619
0982260466
0983839106
0985987714
0989864023
0989535656
0983507494
0985589674
0987219904
0988980707
0983618301
0980134768
0984185458
0980993016
0984571714
0985242863
0985596438
0988419939
0984098054
0984024111
0989752093
0980832334
0984746282
0980024646
0981681312
0783300728
0986163091
0981325896
0977629278
0984770091
0997676868
0984941681
0985151933
0985710510
0982373112
0986332994
0986423587
0987372866
0989586208
0981893514
0981490091
0983804671
0983970428
0983702718
0988861389
0986606290
0984454538
0989488336
0989222207
0989724551
0983114970
0989953166
0981936511
0987304089
0989033339
0986576528
0987550693
0984809612
0986726916
0980748436
0982789825
0978989308
0985133863
0980216313
0982292276
0783583520
0981689033
0581511506
0988028236
0981790360
0989007553
0986248205
0995801894
0984451742
0982306706
0987887057
0983570706
0985229085
0987648263
0989079987
0988954356
0989880601
0986222172
0975944845
0906520593
0982736594
0985994100
0981757784
0988388820
0983530975
0988060675
0987321372
0988695913
0764495665
0986658168
0981378077
0984788341
0985360229
0985833521
0983287176
0976681391
0987092086
0981731207
0928040050
0980952572
0982726642
0982489941
0984075655
0950346619
0988139304
0688673611
0982859074
0986998010
0389547949
0987276431
0986057434
0986525285
0980018229
0988668056
0983862652
0980566255
0989267075
0986071747
0906614586
0963624590
0984381202
0980560323
0984910555
0982034070
0988186410
0983361106
0989129955
0983076868
0988744085
0987979381
0988721147
0984931465
0988381357
0984781033
0983654060
0983988779
0987392157
0383296512
0988597305
0980578423
0983840617
0988599423
0987082705
0184390300
0988021727
0985831196
0988007225
0981726498
0981971410
0986954374
0989416750
0985928727
0987103064
0982459125
0986427994
0989816280
0987662941
0984626288
0987384236
0988665381
0980946457
0980221036
0989693816
0981092742
0984158058
0981766583
0983166357
0987807041
0981272057
0986088137
0988020267
0988246534
0988584663
0988678075
0989276095
0989380882
0980491481
0984863227
0985588475
0988697004
0983977269
0982232257
0985067443
0988061031
0987459288
0986836343
0982657546
0980446227
0988256820
0987208893
0983325457
0983749864
0989180526
0980031733
0982529739
0985266330
0987402001
0289143925
0989771234
0983004961
0985599476
0987369167
0984759432
0984679574
0987677434
0981340942
0986687972
0989582029
0981653212
0985314190
0987410931
0985271130
0985067105
0986730000
0982702228
0989242270
0989007695
0986536098
0988377034
0988703342
0280825357
0989463142
0904495781
0981464951
0984927332
0983526984
0987339654
0987005943
0982277975
0989030812
0985846117
0980478118
0988030896
0984065408
0983924837
0984096277
0982534891
0985652215
0985048566
0988682670
0984456805
0989974008
0985996568
0982777687
0983338961
0907524418
0985992299
0987971566
0984483833
0986017710
0926428226
0900925860
0986059786
0986765195
0983342187
0483226101
0983238260
0884213318
0982387582
0988846058
0982838742
0985432185
0985995798
0987543042
0984087276
0987802875
0985381396
0904506034
0987432944
0988512924
0981148746
0982548917
0987348464
0983674485
0989310501
0987044033
0982110105
0989586954
0981217532
0985386577
0989960595
0930578036
0988998957
0987940206
0987841345
0925832491
0986372615
0987895722
0982198972
0988300394
0980996823
0985120740
0983830664
0985380694
0981525824
0983704127
0984327134
0986489250
0987932071
0987389595
0989119520
0985623176
0984414727
0986335700
0983955332
0983701743
0981888024
0980672219
0984661031
0989833445
0984201086
0980857025
0988566298
0984657159
0981662110
0989387137
0985017005
0980059361
0987584388
0985049033
0934056749
0985709029
0989715029
0982835853
0980099216
0986628982
0984798620
0981596187
0983977536
0987908759
0980956114
0982563298
0988445440
0980633242
0987489997
0987183627
0987429823
0985692236
0380929970
0982057312
0988697588
0989376719
0987336815
0983637452
0984171671
0983396536
0982698276
0986121210
0986210909
0989750505
0985188994
0339841855
0986854264
0984513381
0988682782
0987693779
0986032877
0987537245
0985039328
0981065294
0989337089
0985401973
0982608514
0984409062
0987647974
0987739368
0983339035
0987067057
0985927523
0980595462
0982486205
0986621228
0980378706
0988289844
0983200916
0980932342
0987618926
0986653059
0986996063
0980905784
0987514552
0985625969
0982922199
0987715074
0988712441
0863842980
0983565798
0989056631
0988513233
0985111879
0983785534
0985332793
0985391712
0987617198
0984651837
0981199595
0980984361
0984415151
0981839100
0980946910
0989458422
0987198534
0989514437
0980655482
0982213624
0984738063
0982982082
0987134015
0985156789
0988768794
0988809549
0981297595
0986666696
0982027842
0989605990
0988430708
0981395671
0986780737
0987080575
0289473485
0989412927
0988684501
0985390999
0988386577
0985602556
0982908531
0983511955
0983269576
0986754441
0983710813
0984627196
0981498770
0981435852
0982292519
0989998237
0986586602
0987593559
0982374115
0980298533
0985901652
0982844390
0987947118
0977214837
0987998205
0981122754
0989382107
0985387346
0983998191
0986974612
0983010251
0984619159
0982154096
0982561610
0787242623
0989613389
0983569126
0989719073
0982886406
0984003465
0984195876
0986281335
0985754363
0985913328
0987886306
0987098275
0284365162
0487576189
0981216077
0988810321
0983139658
0984098180
0988611422
0986321318
0981099877
0986454853
0965819356
0988012508
0987364198
0986626936
0981365450
0986545090
0987061782
0986080267
0985708046
0984804034
0988752672
0989760697
0982384461
0983973297
0987121318
0980178624
0982631926
0986314562
0985816689
0983975802
0983478814
0982870134
0980670305
0984961941
0989201460
0981600343
0982772670
0985311650
0985104613
0983063757
0980944357
0988210405
0986055921
0988891914
0993211987
0868146937
0985407334
0988608085
0989232809
0986016471
0986114750
0981196030
0985875687
0987502974
0987644530
0980396234
0980643766
0981061834
0985018610
0984255708
0986456558
0983347797
0981187665
0988149993
0986385040
0984798106
0680187707
0980831402
0982924614
0984291732
0988198497
0793977151
0983516990
0985715779
0987162815
0981586187
0982581661
0980352101
0984277892
0984273434
0987951063
0983558449
0986580016
0985212209
0986972594
0980911987
0986610902
0983950555
0985868715
0981197970
0980242129
0988464437
0375940732
0983307616
0987210863
0980171826
0981299765
0983440188
0985659916
0988539117
0989683425
0987014649
0985603518
0986140698
0989669033
0989445856
0984859111
0987567732
0983322383
0986356982
0983281309
0985201359
0989045186
0916344379
0888325613
0984900582
0981082447
0988480805
0981171499
0985033051
0989266755
0988822544
0868745870
0984058694
0985770949
0980680086
0986661192
0984412780
0984738038
0980569343
0984401817
0984237374
0986329943
0984512707
0982369633
0985133284
0987433875
0986077569
0981174110
0926232773
0988634228
0981708847
0982797555
0989018173
0982432902
0988216855
0983094270
0984739159
0980139806
0982615099
0985551746
0983146021
0988180649
0988854754
0981858678
0981827772
0989750760
0984949586
0986827589
0989038861
0988631877
0984510352
0902758618
0987785348
0986852964
0984689789
0983754916
0989119633
0984519639
0985545202
0981103642
0985993492
0980305184
0985147439
0987700324
0487033607
0983475940
0989748447
0987948829
0984869827
0980339878
0980092620
0985761496
0980614551
0983354981
0988062590
0987768858
0985883318
0981134557
0989773618
0981598413
0986543879
0980218541
0985274319
0988932744
0982788226
0985742947
0981029181
0886921573
0988287258
0989453602
0981695469
0987864273
0987188177
0988934760
0983917649
0986055538
0987046032
0983809212
0985510755
0988846950
0986748274
0985672262
0987378196
0981872332
0988800380
0987006474
0986209869
0988925003
0984739919
0988432317
0988794948
0983096496
0989812439
0983542747
0988893356
0989984842
0986935593
0985991301
0989332702
0986680735
0985420406
0984131289
0982044710
0984355616
0989530846
0989060457
0985548347
0988138142
0989125947
0989962223
0989374374
0984884885
0987823503
0984825775
0987464936
0980122793
0987483085
0972886523
0981660115
0984298738
0988096540
0985869567
0993002990
0983856712
0937296057
0986842516
0989069616
0988878608
0987061831
0981617569
0950430367
0980478700
0981693758
0989720619
0985300494
0980607682
0988519892
0983594412
0984583963
0980373272
0984705388
0987259244
0983417260
0988353053
0983726181
0989409819
0980217991
0989925933
0353938570
0988051740
0985005806
0986821473
0904272151
0986967231
0988127390
0980203381
0986653621
0980114062
0982322096
0983671541
0984099200
0984301319
0988521872
0983379045
0988545713
0989490853
0986058341
0982817885
0983055009
0089243537
0989943099
0989723383
0985583884
0989518287
0983130623
0906058787
0189878339
0986433683
0987390312
0987585746
0988772973
0988776260
0985788210
0792530143
0984348860
0989256047
0986162064
0984424327
0986317944
0983502021
0348578776
0989379808
0908704497
0989942312
0980211750
0985865197
0936762872
0983452325
0984962797
0983036691
0989325444
0982407826
0988481247
0988148760
0987946362
0987754299
0986002324
0987003055
0986093681
0989190094
0983923854
0987601896
0988733598
0986988750
0983425939
0565866240
0989295346
0989890082
0985933353
0982947337
0982111502
0983543918
0989626135
0989491917
0980562116
0989267933
0988235377
0989428683
0989615682
0980863423
0986005509
0986971106
0983427328
0981015147
0986995040
0986837253
0989870067
0944080810
0987816348
0982323738
0987597756
0989192658
0980280995
0985644276
0988248143
0985020429
0985757333
0988418986
0985827845
0983960902
0984879975
0182612950
0980279793
0987238312
0988183656
0980328644
0989758167
0985584851
0987280472
0989588182
0980904772
0986275246
0987104825
0989261842
0987240061
0980031358
0985029373
0384941081
0981579575
0989746040
0983014265
0987612804
0989684588
0988922726
0986379296
0989834300
0986870356
0980377983
0985858247
0985084861
0984712005
0988916036
0982787155
0989555867
0987691760
0987395292
0982047750
0985213222
0989075954
0981643143
0983595713
0983733533
0985318737
0982377336
0981102995
0989758068
0985281059
0986426639
0989194912
0984115694
0987254396
0386631569
0983508976
0987910096
0489999532
0984000951
0989115098
0982134424
0987638428
0986575261
0987659255
0983358115
0982565638
0989560320
0986116753
0185473247
0981586545
0984765079
0989964848
0987141427
0986123985
0988731372
0985404588
0988336320
0988379440
0985150903
0984830555
0984833162
0989494250
0982610940
0987981619
0983828847
0981908845
0983535407
0933303110
0983908561
0986932369
0986366744
0983986508
0916800840
0982303494
0983848058
0985063660
0987984786
0986062702
0703322406
0983644374
0982582876
0986181541
0984876587
0983993942
0989001566
0987660663
0982696952
0989528381
0984183995
0986590602
0989031625
0983520170
0986410274
0980492741
0988466662
0980262851
0986755987
0987827155
0987613282
0982091295
0989758106
0988064200
0985281780
0987067572
0985181936
0984140950
0798989887
0983919334
0986622771
0984048182
0989584859
0989725086
0976172440
0989063479
0982860384
0986804217
0986278351
0983942532
0988308169
0987725154
0982927587
0984317266
0983564366
0981912549
0980266553
0982738550
0987229448
0989597099
0989861570
0981027295
0981649767
0988992372
0985708663
0985440747
0922654289
0988308112
0984157179
0988615983
0981540033
0987627141
0981595205
0982532106
0986826611
0987873708
0989885406
0983313200
0980565958
0981357798
0919578542
0986116025
0984328332
0988257067
0985138492
0985518155
0982474930
0982415217
0985026558
0982491818
0987476409
0988428466
0989939429
0989160191
0919756951
0981539305
0989726336
0986224119
0984609638
0989438891
0980763093
0916346915
0989275430
0985206172
0985950755
0981041124
0987384107
0986854863
0985490851
0982740103
0980366058
0980069936
0980292365
0986056829
0981742946
0983428125
0983481340
0987322373
0987008033
0987687482
0987596358
0982683079
0989399855
0984665394
0985350266
0983502539
0987799731
0984054929
0983223581
0982456513
0988851529
0986270064
0984866181
0981820047
0985209945
0986325110
0983660725
0980661087
0982166034
0986353970
0989116124
0933349467
0987012873
0982460997
0987088946
0985102236
0984414265
0986984348
0981580954
0988791111
0981440404
0983679597
0988258896
0984222424
0989664565
0985232117
0983344612
0487981998
0985547239
0986048785
0983783694
0985364764
0987081667
0984957679
0984033447
0987240102
0982926881
0985353193
0989087509
0984356624
0987984551
0983955483
0987627762
0939208239
0887150225
0988049539
0986736831
0981715723
0989109641
0989354517
0988093482
0984577985
0986950981
0983166710
0989960692
0985500335
0987768545
0983644714
0988827933
0980279694
0982137987
0984642604
0988862929
0983580263
0985908034
0985160417
0984390932
0985307708
0980886678
0986344052
0989266637
0982890674
0989026047
0983830134
0987678932
0988291424
0988049413
0987346574
0971830187
0982537621
0983106718
0987110707
0984959766
0922036939
0982855344
0985473537
0989695958
0985404278
0394986506
0981106506
0983866623
0980672480
0984790116
0982343665
0985965017
0982324787
0983749364
0983453136
0989007382
0988878765
0989276055
0982848445
0942627519
0984203389
0986707588
0985097185
0989932240
0986774767
0989309350
0909558568
0981620347
0987090229
0981488847
0989482462
0987277998
0986703875
0987694053
0985411015
0983921789
0983537506
0988346661
0989883643
0185349097
0986689288
0985268378
0988777204
0980430809
0983783576
0982722553
0748967054
0981221427
0984711847
0987305646
0984770296
0987103002
0775707944
0796482076
0983966327
0986317361
0944583919
0986865797
0984593419
0983540480
0989207052
0981969592
0985164758
0987173892
0983369824
0986885919
0985750179
0938294166
0980294137
0981357041
0984719720
0984318345
0983255916
0989192278
0985578911
0983812003
0987075160
0906948510
0982812367
0981349573
0988251753
0981596687
0986597468
0988121109
0989928040
0980396439
0984185926
0982041924
0984921712
0984993773
0988259106
0985284416
0987453483
0981439106
0904666820
0989274450
0980425166
0187380420
0989323902
0981414573
0985515039
0988978506
0904935013
0932788096
0907573265
0988655997
0980398149
0681722779
0989379948
0989511584
0987981033
0986821095
0087473719
0989861139
0985778582
0984735565
0993715705
0987244766
0985274971
0987491313
0986899515
0984875479
0982059030
0967813919
0989440339
0988802918
0983217470
0966273856
0988651116
0984530606
0938857038
0913773886
0943074060
0986609010
0989332834
0937473497
0489217038
0985652110
0980625271
0784256885
0767879804
0989092154
0986153156
0984346724
0989800916
0986127237
0989154234
0980036325
0983186834
0980564623
0989008427
0988719710
0983261426
0988975614
0980936508
0985893800
0989471635
0981833227
0989407524
0089217691
0981331059
0982124336
0987645490
0984788653
0985943897
0988296730
0985701570
0984670890
0988171272
0988956000
0980563906
0989277998
0988480038
0989230731
0981390991
0981111453
0988910500
0989952033
0987033831
0983036980
0985425853
0984115048
0987998370
0983964903
0988546210
0981088394
0989466727
0983129611
0989860630
0983926593
0989520344
0914682822
0989620796
0984836623
0859203453
0984480564
0986622441
0983064818
0985991158
0982610022
0982744921
0983838930
0982425967
0986064525
0980518188
0984547750
0989923903
0794767798
0982749453
0988440290
0980163986
0988165877
0989990937
0985955242
0983422369
0081041054
0989913979
0980055538
0986667298
0983869356
0985223342
0980364335
0984881978
0988308952
0984003238
0984766361
0985550570
0982661340
0986494887
0985297213
0980201245
0984301496
0986961126
0984052735
0986328183
0986637030
0980756936
0988285519
0983818205
0980895056
0981008694
0980094947
0982200386
0985803555
0985240590
0988672072
0766960187
0984409400
0983839295
0982307535
0982488234
0985195261
0985777525
0987885776
0989109424
0985166579
0985263763
0986241275
0980106419
0987131900
0985075075
0984363867
0982483720
0989094695
0987410129
0987197613
0987395811
0988721855
0988141767
0989357523
0981730705
0988195433
0983172857
0981940798
0987426371
0988504550
0987422655
0987970638
0987826669
0987807796
0986035048
0988959997
0980981039
0989787673
0988166305
0984284751
0988363190
0985490055
0981714583
0987458306
0984522475
0987986378
0983291108
0988854679
0485284315
0988179981
0980325737
0982945623
0984797263
0982937444
0981142218
0935863608
0983486496
0957179086
0998299327
0988522154
0993420392
0989187475
0982506139
0983587255
0354509508
0983499980
0982731615
0981462393
0985156399
0985033922
0986720897
0988481688
0984982537
0986411404
0914651800
0980156354
0983047242
0985098379
0989218000
0986102975
0936753975
0938189987
0985997915
0982108562
0980199270
0985047024
0984647054
0985498659
0989488521
0986004163
0982234959
0983217832
0989745466
0986507381
0982816655
0981018520
0981525270
0987869173
0980561466
0983942796
0986949102
0989526884
0988254503
0988804879
0989359061
0989706313
0983139832
0980274011
0983192256
0792022372
0988276911
0986687332
0988293900
0988217331
0986850575
0988525244
0983039443
0987781875
0984433084
0988551112
0982675469
0984243824
0980940644
0957161656
0583341511
0983941995
0983904068
0984920934
0988771557
0986334372
0980720893
0982354643
0983636340
0988094978
0585921651
0980216689
0988870399
0981072866
0982004161
0909880315
0984503700
0983699826
0987764456
0987033087
0989847290
0986090482
0987667357
0984181194
0987593295
0988122959
0986584306
0980877797
0986086490
0981048863
0985229019
0986220302
0980824394
0984878321
0983835250
0910276690
0981539411
0983630571
0980977598
0986485254
0984276349
0987915143
0981316527
0981741704
0985794866
0984492214
0984746680
0982869636
0983829895
0983393868
0980480561
0989323135
0980236132
0988636153
0989722334
0987986101
0989097226
0984386738
0980207547
0981664746
0485711259
0984527464
0989177587
0089329791
0945762845
0986732672
0986234150
0988609302
0982054294
0985658536
0680872878
0985845154
0985258452
0985043920
0980250782
0986853340
0987744637
0985200810
0985863864
0985829502
0924854835
0981622558
0980929879
0987208018
0988412110
0984365627
0983593144
0984982642
0989159755
0983153979
0584718832
0989329869
0981054392
0910197226
0985789407
0981846724
0987031330
0986565920
0942900009
0989630551
0984619980
0985284429
0984386927
0986178324
0986532315
0984951155
0982879116
0984763248
0987960272
0988980666
0985432221
0932065855
0980995994
0989493229
0985668909
0901892586
0985125563
0982881733
0992795886
0983116441
0983271775
0989409674
0982661017
0986954310
0982102335
0988066130
0984623702
0989866565
0985629724
0913156320
0989021396
0982187515
0987186608
0081718308
0986033963
0989511874
0981963358
0689683439
0984762502
0981400191
0986476672
0989902644
0985479708
0980637862
0985136715
0980565703
0989416387
0989048755
0989968139
0916155047
0985298009
0986178657
0989974167
0987475174
0985208117
0983692025
0986265127
0986741154
0983092159
0989333143
0982724395
0986213974
0984013812
0983153234
0987192415
0988788055
0987052252
0986297485
0980342923
0989336197
0988411029
0981335408
0988165397
0988423084
0983143632
0985512824
0982312480
0946349515
0980847036
0983493936
0983784025
0980093358
0980286814
0986074450
0987029249
0986048204
0987072111
0983742839
0986017726
0985700702
0984849051
0985269223
0283204481
0983376410
0981902508
0985036490
0987937314
0985872803
0986671493
0980037824
0985850125
0984651984
0989129552
0987049967
0987060696
0988918083
0983539350
0984217632
0984046893
0985806010
0688464083
0982867187
0581892143
0989525526
0986770211
0981972741
0981611758
0986822463
0984467256
0909699606
0379802144
0982656587
0982848624
0981756114
0986163070
0984565000
0985557134
0989998189
0914665229
0985605552
0984816674
0989587342
0989689304
0984296587
0982131847
0989384866
0981954311
0988013171
0986525861
0980589383
0984653768
0989805092
0988015870
0986000203
0985580024
0909087481
0985107532
0980155404
0987809587
0986494402
0987705707
0982869097
0988707664
0984823485
0981306357
0984807593
0984135506
0967808075
0982080038
0984439372
0980832945
0987588205
0286633361
0988854249
0985452238
0988692801
0987701867
0989228440
0984162695
0984587999
0982201194
0989606609
0980021035
0982716015
0980810821
0985261470
0982152705
0980600036
0980268753
0855562323
0988242780
0989225782
0988313465
0981222958
0984064224
0988614797
0981319468
0980025752
0985258682
0983297601
0981217648
0988876826
0989533713
0981117982
0983121788
0985611774
0989073536
0984662402
0988322392
0981019353
0986581724
0982275410
0988378548
0980547519
0986719876
0984503142
0983284652
0983904242
0985190749
0985774438
0985709294
0982675683
0983740851
0980166385
0989921493
0984611175
0980323799
0983534822
0912463019
0984587942
0981287558
0985923166
0989053940
0989370618
0980019592
0980728801
0988973144
0985094228
0981176525
0983426976
0981549809
0984140838
0982377576
0986667831
0987302919
0989363884
0986737264
0981862369
0985315290
0982583006
0986629762
0984923732
0984926584
0988485485
0988500320
0987109213
0984516343
0988302193
0384526009
0985959086
0989732030
0989775057
0982582926
0983510278
0989880347
0982121601
0988763604
0980220301
0987888844
0981410682
0988117859
0989447876
0980909543
0987094766
0083966028
0989250635
0981173550
0982979174
0988304582
0989987188
0989507180
0923559175
0982242261
0988827204
0982708918
0983560189
0989766020
0983361790
0799992163
0984972017
0984798396
0989010153
0986810336
0987203858
0986386322
0988366458
0984855710
0985004328
0982200011
0983661989
0983281670
0981502213
0995147892
0923381165
0983919723
0981899774
0986809565
0986320770
0914398291
0980846808
0981439633
0987597855
0987351649
0987315155
0985007978
0985033578
0980868856
0980429799
0988257894
0987958484
0984012476
0980679371
0983289256
0981718086
0988184061
0981194434
0980249106
0985006794
0988558816
0987450541
0980129861
0989585368
0985176142
0988146256
0987971059
0983566222
0988069697
0988179713
0987842210
0985667600
0982618367
0981851187
0985500383
0980383719
0985233210
0983359035
0985228038
0985730370
0982424958
0981410760
0980341170
0984057015
0866823287
0981634319
0988051097
0987156473
0983037882
0988434241
0982129355
0283322402
0981611683
0985823123
0987911896
0986659054
0986706089
0909437040
0980893658
0980284509
0984389889
0986739842
0985539355
0987713575
0988091314
0982378665
0983615979
0981228729
0988029116
0985394720
0988695720
0981671901
0983322980
0993167346
0983584737
0986986759
0983890589
0987131537
0983101663
0981978263
0989053995
0981178667
0980929048
0986872553
0987803478
0981140831
0980765032
0988791765
0985987408
0989727697
0908538226
0988444612
0982507083
0985522279
0984739726
0986904705
0985896416
0983317090
0988774502
0986478019
0980620925
0980593120
0983452154
0986455700
0986985485
0988994124
0983428766
0985549886
0988948249
0983439580
0987236280
0987971216
0988925516
0982242922
0986888903
0982060062
0987801296
0988162600
0798401346
0984619483
0981629839
0980998776
0981813246
0988008069
0986432489
0986546546
0985485587
0985516569
0986714254
0982322445
0982290690
0989299731
0983531729
0985015554
0987983950
0988681731
0983282417
0988049851
0985905857
0980879774
0986529174
0988221157
0985880785
0983766892
0984757998
0981839142
0984956382
0989495846
0932676282
0932084874
0983393402
0937429275
0989270296
0989125120
0983899265
0986500218
0985237693
0982004275
0981358230
0986777439
0989304064
0986724857
0982808331
0988345073
0988814883
0982663190
0982873201
0989726409
0986831371
0989794802
0985632209
0989436270
0981108403
0986303298
0988977431
0983185077
0988732391
0988868092
0988719361
0980166151
0985471151
0985443868
0985484965
0988571518
0569201185
0985394976
0983639821
0984064394
0981287211
0988039791
0988499933
0989085636
0987173236
0989460038
0986379018
0988671946
0989103974
0986737881
0980323426
0983648642
0987612821
0986047055
0983514096
0989774478
0987833841
0984996390
0983655967
0985417878
0767128027
0989755333
0980531321
0984341298
0987214847
0988448452
0985536720
0986828242
0684884093
0987986075
0980483553
0982533266
0983858670
0981032023
0983869912
0987294567
0987692580
0489052377
0984123426
0983833329
0687661005
0988261042
0987917316
0989800603
0989104102
0985226053
0881339479
0983882089
0986883957
0989411518
0984421785
0988603797
0984389365
0984382411
0985666918
0986576848
0989675561
0980596703
0987231409
0980187814
0888573991
0983363244
0980717120
0984776591
0984506128
0983772500
0983535944
0987685117
0985820088
0983411332
0987318089
0989064143
0982737938
0985659026
0989510004
0981905378
0983474905
0980047918
0986809308
0983681844
0981716855
0989600348
0988725725
0988693189
0987276649
0988092528
0983710190
0787442200
0987238250
0986778098
0987369277
0989679798
0980092860
0988437123
0984857997
0983279666
0982317031
0985144856
0982524762
0983184072
0989636311
0984157390
0989322982
0987225643
0987873173
0996219565
0982633165
0980181454
0984781256
0980451707
0986032830
0986319074
0987638136
0985319963
0982539425
0985524972
0989874041
0985695526
0984154531
0984157439
0972877554
0984878746
0985292768
0987977195
0986221918
0982557050
0986560298
0984417808
0985517295
0989009982
0984514100
0688527462
0902030115
0961227392
0982900973
0989264980
0983695902
0983965351
0983875088
0982204139
0982756952
0981170575
0985612327
0988077859
0986590591
0987199981
0980194564
0987477787
0981135702
0988261239
0989647962
0986066132
0987480930
0982925990
0981628017
0988714854
0983771812
0985776676
0984703464
0982865421
0983006761
0983598027
0989449989
0925283370
0982227059
0993852673
0986169008
0980397513
0984652834
0988777311
0983444575
0980037311
0935522884
0981010258
0984893372
0985997514
0985400343
0984081760
0982486106
0984716215
0989205629
0985757872
0989903540
0987568225
0983826400
0381612036
0985079073
0987357977
0986462456
0583133537
0981617794
0985148934
0983269590
0980448486
0353810036
0984452627
0985566825
0986303154
0983493381
0982549271
0982105962
0987168977
0989780812
0985020766
0982974988
0988839107
0987892195
0981893932
0933082990
0983374914
0980929561
0987273998
0986841563
0983950967
0828280029
0984975880
0988622631
0984944945
0787926016
0987814241
0986921411
0353359967
0987519969
0987556324
0989402037
0983989848
0903932181
0985804265
0987285147
0981283099
0981873557
0989313344
0980082656
0988190627
0786884076
0980153343
0983952409
0985129815
0987458453
0987270138
0985930786
0981324087
0989053449
0985989448
0984350593
0981788641
0983645547
0984095383
0983170829
0908171970
0984723743
0986763808
0980592685
0986666588
0889156263
0988212002
0981484359
0989696997
0980676431
0983394030
0988014150
0986898799
0987774348
0988384595
0987084501
0909669737
0982699127
0989814074
0982367806
0982310800
0986961629
0980047295
0985929595
0988229480
0985512298
0983640883
0379808181
0988624139
0987365418
0980046200
0983800216
0982436033
0987113434
0982552254
0988164995
0988550286
0966605390
0936271425
0986303379
0986970102
0988502061
0987505890
0988651084
0985788225
0981225012
0984065440
0985186166
0989197759
0984677126
0983379892
0983577362
0982525023
0989367582
0983531993
0985882439
0984151777
0989744183
0986726358
0985702981
0981412679
0980904700
0986217791
0986353299
0988288706
0986357403
0981482910
0981467158
0987552987
0984525255
0584252241
0987138402
0981648405
0989341057
0985776831
0985398635
0987341300
0984692358
0981650816
0987632967
0931029768
0987770279
0981482514
0987856553
0981611981
0986349754
0984599655
0982907923
0989621884
0989998416
0985046188
0988643966
0984804007
0989675730
0986076938
0989565996
0982703730
0987569338
0987346924
0983436447
0343298040
0985249465
0984797302
0983865261
0921694218
0980577977
0984271954
0987062136
0985661824
0981795597
0986067424
0988953035
0985694199
0986719314
0481462732
0986867016
0987482028
0985414995
0984220280
0989695080
0985231240
0980815849
0987532528
0985201627
0983867621
0983369027
0980535027
0989757210
0988489498
0984209959
0985254891
0984279327
0986134250
0988668101
0988611812
0982155254
0988838591
0988579941
0986508857
0955636522
0985203113
0980273516
0988129205
0983397794
0989143011
0988802917
0989602653
0773812268
0985648261
0988288562
0981938085
0982423604
0981990991
0989614163
0989859562
0988484544
0393157380
0896368744
0984612203
0983912928
0981404291
0984203422
0981664261
0986340155
0985500162
0987458792
0985928731
0986001223
0985039912
0980353914
0986267897
0984026084
0888869517
0906865879
0986478452
0989611541
0983957091
0083267000
0988870084
0987434616
0985744173
0982279555
0986480628
0974649745
0882851586
0988594267
0986612215
0980007408
0984045328
0985149229
0985056387
0980789853
0980530926
0989024495
0985430309
0921279186
0489133993
0989372186
0986760653
0987753254
0932783826
0981987993
0485611506
0983449179
0980432622
0988131599
0989672473
0787469464
0184535122
0980592582
0905723656
0984442893
0985279546
0985773927
0982538523
0981739615
0886545297
0986565176
0904295960
0982796587
0980817345
0989672782
0983462472
0987813100
0989674136
0981514127
0986562382
0988677104
0988901065
0991119088
0989501194
0987699623
0981088805
0987554460
0987883761
0987311186
0984444128
0287369339
0985809899
0985287212
0988147978
0988902393
0986956227
0989820307
0938079581
0937250495
0980308597
0986871091
0982050660
0984780486
0987678589
0989869442
0985441023
0981281375
0985391600
0981260734
0989585305
0987805198
0985783172
0983244057
0987207360
0984836000
0983774832
0982913079
0987569273
0983509750
0985708435
0185910141
0985990781
0983545009
0988887893
0986793606
0982730326
0985296669
0987337164
0986431897
0984685497
0980013704
0981622201
0984634351
0289349231
0586675679
0981085595
0981591968
0982488297
0985032001
0989311401
0986058480
0984449116
0986727898
0986961033
0988816719
0985251465
0983302020
0988409796
0985723191
0988411994
0983850612
0980780498
0986507580
0988023107
0983325779
0988344087
0985344524
0988871559
0780872663
0983298117
0986499542
0988446375
0980236622
0984933503
0986426533
0984346216
0986560487
0984648521
0984697940
0980158754
0985035981
0981379609
0987357777
0981930769
0986941152
0985599778
0916525454
0980493496
0988111633
0984533751
0986564574
0982186519
0834563565
0988967777
0982469088
0987454220
0185384232
0982126915
0984109314
0982339670
0986322729
0983278562
0988182982
0980501914
0988199629
0989357172
0989562086
0988583873
0988976508
0981637053
0981944533
0988026120
0988125385
0984169796
0338548260
0980269558
0987485362
0984798418
0982193948
0981150773
0989356255
0984983181
0988356231
0984682310
0982453969
0984975282
0980946874
0983471268
0981024859
0985628733
0987949844
0982288102
0941800904
0987682706
0981705534
0984114100
0982454623
0984775738
0989614944
0987984652
0986419005
0989567128
0983493699
0985371107
0983776280
0984499419
0984998078
0389728915
0981974204
0986494731
0987681943
0982674218
0986307957
0983977162
0980047111
0980237829
0986249686
0982506244
0981769128
0985354869
0987653165
0981532649
0984694753
0983297674
0987998048
0983493946
0988018893
0988334545
0983783059
0986320632
0984419107
0983664331
0985590175
0981838608
0983817101
0986710854
0986308320
0887663544
0989927289
0985608007
0984885214
0981164433
0989565198
0989038933
0985856353
0984258341
0982245986
0388861607
0983202118
0985488776
0986319333
0986672727
0982751606
0989995241
0988904931
0931261799
0985618140
0988958239
0980210316
0984452194
0988516161
0983805795
0986392259
0989378288
0985559117
0989432568
0980385860
0961487984
0987605308
0984341604
0984709856
0986104681
0989945664
0987522935
0394939130
0985647976
0988223983
0978390860
0983161481
0989318483
0984315450
0985918629
0984724225
0987610413
0981155608
0988456171
0528477892
0981727269
0987834983
0986538222
0983812138
0589067737
0988995393
0988261305
0986552553
0983631894
0986065602
0935874656
0986160604
0982850429
0986720420
0987739169
0968471848
0587751216
0989121460
0988167665
0988770010
0983883602
0987673212
0923042359
0987924978
0987727889
0989381918
0982720113
0985499912
0980235905
0983026541
0980561442
0983448818
0982589872
0986578570
0989661634
0981683904
0980504997
0988435932
0987014333
0982342280
0981155094
0983914755
0986778368
0985887686
0983507360
0988230379
0985512450
0983768847
0982035196
0923519921
0981889369
0981896529
0987140347
0986186249
0984065699
0980554652
0987344187
0986972846
0987574685
0984995612
0984417912
0984417757
0989578590
0981504801
0988568818
0988062558
0984565437
0986869711
0980688040
0564125774
0982544544
0981052128
0985318842
0988928166
0983206152
0988314005
0987269519
0980427811
0981786625
0986709670
0982546214
0987728320
0985200118
0983228659
0982293080
0989982805
0988845823
0982879574
0982028924
0986026257
0984130134
0987051933
0980632858
0987571772
0989989647
0983578133
0989948131
0980873797
0986289342
0982824889
0988228214
0987042901
0982631989
0988463616
0984826190
0985112395
0983023484
0980449818
0981202783
0981900789
0986557011
0988001239
0987085928
0987153487
0987177423
0986410424
0984006679
0980237700
0984474673
0988806169
0984560891
0385814948
0986869376
0995861935
0988507360
0982704269
0987483512
0983210654
0987233388
0983778147
0989614241
0989521946
0983504346
0986720686
0983062473
0983028359
0786573759
0983385829
0985014636
0986473868
0988421434
0988986833
0903721454
0982974948
0982992151
0984739733
0988577920
0981850331
0981760810
0984555020
0988279127
0981230673
0989128723
0985967450
0985590545
0989634121
0980284359
0982477409
0981856559
0919170316
0983866260
0986344766
0989523061
0989965102
0985946887
0989565458
0987914657
0988785952
0186730889
0986790630
0980850160
0981557263
0981287636
0985275532
0987934243
0986645415
0984863977
0989965776
0988405421
0989639247
0984976986
0984839420
0913924529
0984316925
0985400559
0987387859
0983695205
0982824775
0988854993
0981174590
0986492795
0981729078
0980934770
0984265579
0983186358
0989095502
0982101711
0984871341
0984807965
0984656475
0986713496
0989770351
0987333737
0987310291
0988440308
0984001802
0984322697
0987951142
0988345232
0985463590
0983799230
0982914626
0986019662
0987947218
0986800345
0987151465
0983624484
0930977506
0987109021
0980976549
0885848170
0986826494
0982736893
0986717111
0983863946
0987828307
0985653389
0986476880
0988092687
0989839628
0938759760
0982804613
0988235697
0986964315
0982702845
0986716653
0988127028
0983874552
0986706494
0905614806
0986407503
0981483591
0983686129
0985717148
0983688166
0987749939
0986524563
0987009737
0982198366
0986575570
0988268333
0932578903
0907286179
0984336697
0984214115
0985588532
0989042652
0982406821
0987910159
0982762261
0987850099
0989226049
0985252885
0985959685
0984030025
0989528602
0984389500
0987707659
0984702752
0980914367
0987099871
0985816581
0985766993
0988151770
0981521648
0980567721
0774950284
0985815060
0987233030
0986691947
0988079774
0987496468
0416535535
0980420827
0987642427
0983381097
0987529358
0988387232
0984992259
0908755961
0988740902
0983033816
0986158540
0986155351
0984289787
0984635158
0989383914
0982141604
0984227885
0986592273
0987229089
0988170892
0989220236
0982789650
0987122900
0981885240
0980933944
0985575562
0981718607
0988175596
0980778195
0983175956
0982751942
0965227047
0988474182
0680674347
0984536867
0986112889
0988050681
0988667991
0987299944
0984704910
0983050880
0983637637
0987567807
0989252979
0982942369
0936448350
0981634774
0982087689
0983806542
0982957501
0980194046
0981555810
0989236487
0988550337
0989717119
0987365462
0983795901
0987746123
0985151277
0986064861
0983782980
0981513543
0985122271
0983988590
0987733068
0984971722
0984718274
0764820721
0988183168
0980088362
0985915483
0986600709
0989648307
0584041343
0985669493
0982185757
0980828963
0982585817
0985046753
0981333315
0988877237
0989393219
0986051587
0985670036
0986483759
0988343513
0982482558
0980604099
0980695634
0988957071
0980092182
0983636693
0986152090
0983994650
0987723056
0981109563
0988063606
0986609319
0986735697
0984298733
0089248099
0989917790
0984832801
0980933027
0987671593
0981685836
0989833450
0988790670
0989672685
0985354481
0983339831
0980716034
0984140589
0987887729
0986419598
0986039629
0989005377
0984784995
0982910446
0989598623
0983675649
0983866991
0981426732
0983929120
0986341430
0982014873
0987210466
0908424982
0980522328
0980739325
0984950026
0988986394
0986504522
0986493626
0980140005
0989436355
0987254624
0985295766
0984897691
0883422076
0929950550
0983895721
0986195471
0989000346
0986419409
0988949703
0979792585
0982334708
0983363985
0985763891
0989884589
0981446703
0981982730
0980563188
0982620118
0985274909
0983303645
0989768814
0982782292
0987965082
0980911549
0909742140
0984040241
0983395334
0989134378
0980630857
0984950760
0988471213
0083086997
0983481658
0987646535
0987898344
0932305119
0989434484
0985542939
0984260999
0980769265
0981122574
0985670855
0984406627
0986527218
0989063134
0980768466
0981132554
0978236693
0987930910
0981445832
0989201494
0980052265
0985922582
0981849828
0986610281
0388379398
0985223299
0984882340
0984181037
0984535545
0984679556
0986921900
0980134213
0984285518
0981626523
0988288293
0986061079
0983377927
0987828780
0982802630
0983357668
0983919515
0988641722
0988599753
0954699025
0954165955
0985445288
0989011373
0988300674
0987898828
0987328440
0988487296
0989855200
0983116801
0983556879
0984637146
0985273603
0980235407
0988186016
0986495930
0989363370
0987261574
0988536724
0987846991
0989396516
0985083677
0987619997
0981261651
0987340016
0989865593
0988393178
0349081513
0987099990
0981941556
0988840984
0981450518
0987475065
0988854258
0986394560
0987217286
0988560198
0986804903
0989321320
0987649339
0985492040
0988047988
0989851154
0982407799
0988916564
0982540241
0986225365
0989193974
0985699596
0980381762
0983885409
0988921062
0980449089
0984233560
0982001968
0983784803
0989785264
0987453953
0986214152
0988862840
0989064790
0989289580
0984386400
0988832567
0988148245
0984444452
0983333450
0987434752
0989708800
0989955698
0980954391
0989049632
0988332654
0983654630
0987717901
0986746486
0984271669
0981412090
0981334766
0989243688
0986245006
0985690925
0917439868
0980876742
0986392293
0989669899
0982795016
0987843703
0984309356
0970342187
0985321178
0987763727
0980786374
0988170489
0980356847
0989447012
0981067117
0981411807
0985654006
0987500867
0984368783
0989644884
0989225237
0989517713
0983173657
0986485541
0983819811
0988664125
0980664566
0984598579
0981723114
0980329098
0982263714
0983855378
0989363022
0989726910
0989830659
0984063001
0985974703
0980117589
0988223163
0986498972
0983968240
0988010576
0988414043
0989808779
0986614824
0985998366
0989337481
0987952841
0988637834
0984009520
0983502091
0985425719
0988727191
0983842371
0986252676
0989712496
0984180438
0984864851
0984332558
0988666046
0986899242
0980769743
0984052603
0982474544
0988737749
0983537515
0983906261
0987381477
0987479239
0982725500
0987120255
0984143057
0982473184
0987303468
0986778450
0984862071
0986668657
0986615227
0981533459
0985725489
0915874851
0986583078
0985807258
0989681348
0983914767
0981742890
0988518454
0984646719
0981811544
0984557718
0988789250
0982993199
0985843798
0983794038
0985362828
0984990512
0981235161
0988432264
0981477760
0984608299
0983709612
0989390948
0983666087
0980588345
0982733633
0984082195
0984585843
0987816687
0983587120
0986233337
0986599359
0680479205
0987886947
0989735241
0988027374
0586267662
0985071141
0982550271
0984834982
0988234131
0984543943
0985784960
0913740775
0985811613
0974078802
0989525052
0984098889
0769747501
0980490508
0581305112
0951951203
0985853989
0980097612
0983506968
0981177325
0989156066
0983122558
0985367058
0983604784
0983961101
0984445836
0987264412
0984505216
0982072754
0986202525
0983827621
0988149081
0986808110
0986410630
0986002857
0986441328
0981921739
0985702697
0983406794
0987089296
0987662111
0384986816
0983513042
0985775641
0981927070
0981134917
0986596142
0983396487
0907727479
0989525050
0989555165
0992676395
0981690761
0988961304
0985322594
0980300554
0368782910
0982530480
0988367669
0989409431
0984457388
0986109290
0980655111
0988310236
0982549122
0981133686
0989325648
0986907209
0355188649
0986754935
0982301756
0985651063
0986248277
0986364530
0986842020
0983383846
0988511443
0989835424
0986376796
0987679601
0987538953
0983847117
0985075096
0986614408
0980817515
0981115211
0963888808
0926078806
0786271890
0982164541
0986714188
0980392605
0984130098
0988463761
0987195911
0984076595
0989557847
0985376364
0981589399
0986041879
0987963008
0982379743
0986359987
0984171330
0985649579
0980039796
0989496482
0984901237
0987188466
0982794798
0984571760
0989223313
0981711136
0985457216
0985630918
0987432760
0989614691
0989121353
0988054061
0987438307
0984120391
0989450121
0988834168
0984880423
0980671518
0989984453
0983359746
0987072506
0987446529
0980431239
0980207465
0984869984
0982469068
0980129008
0984558905
0987458348
0988481047
0984163785
0983501221
0986470829
0988104395
0985301106
0986453217
0986392939
0983343004
0983535350
0989352298
0987790655
0986733534
0986638354
0987077040
0983743290
0981519588
0986846330
0982072720
0903678820
0986690994
0984811529
0984486882
0987073555
0987401569
0982822871
0087621297
0986009401
0987634229
0982554896
0980705864
0989498930
0987959465
0982246224
0984159950
0987832262
0980224104
0987311336
0980467393
0917270373
0923562141
0989139297
0972709759
0980061207
0988122988
0984011277
0985176654
0987371335
0987096024
0982337712
0983643356
0986350599
0984323333
0986193304
0987601104
0983769498
0986855278
0984062049
0985995663
0980347511
0986620743
0982920596
0987730245
0986858338
0988777799
0989849793
0989466949
0981243732
0987963605
0984318451
0981683931
0987861184
0982357605
0980297835
0982908008
0984500838
0960727484
0989883810
0977880168
0988565288
0986726397
0980183184
0987149036
0987303245
0984165503
0985578418
0989547467
0989796245
0988258153
0985379486
0982615061
0988587563
0562642513
0089046525
0985352616
0989733256
0988606240
0686053377
0988050800
0984176865
0987849822
0984757963
0985252417
0986397690
0980176307
0982635444
0981004343
0987145933
0983965527
0984137092
0981484807
0989625359
0988988341
0982709011
0983481007
0980640853
0984818103
0986542647
0989897093
0984532841
0988111463
0985157721
0188234486
0981828929
0989862903
0983493094
0983741451
0984269420
0985589459
0985593532
0987073422
0986068541
0987195044
0988223475
0935086465
0989790416
0908238939
0989752780
0958350628
0985110909
0985016259
0985294425
0925747692
0987820554
0987873174
0983041072
0982207231
0983627363
0941503048
0986537254
0985269736
0989824246
0984315449
0384390284
0989984077
0985130570
0988208956
0985710103
0984134497
0985614143
0984982687
0988153417
0981306153
0983395445
0987832821
0989810930
0387237931
0982052459
0985514179
0989645378
0988869615
0397935139
0988756105
0081177781
0983218086
0987761121
0984711662
0352475200
0983521419
0981673650
0988172947
0988507892
0387753638
0987382998
0987106920
0944041633
0989165147
0986737490
0907689498
0985885463
0980241144
0369644362
0988719760
0988435259
0981585492
0988577177
0988236914
0988190781
0984569794
0983036387
0988047184
0982312307
0986976139
0981387218
0980087838
0985916907
0981544767
0982990815
0987035982
0980804648
0981849827
0980508701
0981254874
0983528595
0985552532
0984836219
0989424742
0983571728
0988950326
0984711284
0987533608
0355219873
0989580787
0984789691
0981481714
0987973751
0986231607
0981746852
0982123030
0767237018
0981689051
0980380272
0983922836
0984146681
0989582748
0983353617
0987041126
0986213338
0989111456
0982564669
0981007954
0985133671
0988351399
0980346142
0984055218
0987111562
0984168296
0985225251
0984603983
0989701994
0987568837
0983115713
0909477190
0989223164
0988470809
0982070506
0989835792
0987447960
0984016884
0909750051
0985085728
0989823034
0967998316
0987768708
0989266832
0983423302
0985552579
0982498235
0981076644
0987009061
0985618907
0989673852
0980592578
0988679027
0987873957
0981743544
0986567491
0984126749
0984144919
0783575583
0182761337
0985367531
0980456149
0985159814
0986751904
0989092563
0987798830
0986138067
0982886552
0985015187
0984611969
0981785520
0983640459
0980428292
0985962409
0987347915
0986604804
0984802807
0986558258
0988075980
0987408563
0932112114
0900789306
0908069834
0981871714
0986915722
0982561893
0981219923
0986327273
0922336969
0985531221
0985299621
0988624907
0989269528
0916273500
0988668282
0987012256
0981723136
0988818795
0989028715
0987819613
0985071568
0983808996
0987150887
0985705582
0989063157
0984711199
0985047872
0950930718
0923261258
0489088773
0988106782
0988215451
0984300261
0981778687
0986980622
0984051139
0984076494
0921189979
0980135319
0983549618
0984042044
0983421221
0987502388
0183070392
0985665851
0980096749
0987556781
0989689205
0984522990
0985180889
0985985052
0968711389
0984903021
0975560313
0989316433
0987513350
0988162286
0981822754
0986897518
0986225767
0985049287
0982775857
0981517585
0986471714
0983430988
0985415474
0984682315
0982365872
0983801081
0983181139
0980170776
0981144608
0986334087
0089302851
0981857497
0985807157
0989417878
0984633584
0981212140
0983709997
0988974484
0984883480
0985762338
0989016180
0984488826
0988529619
0983831268
0988751673
0980074854
0985784995
0981841338
0985847460
0983175454
0982795334
0984192411
0989310608
0982332008
0989072188
0382367693
0985221322
0983719931
0789898234
0987057505
0986812054
0989245163
0985654296
0980578096
0485721240
0981483852
0983046424
0922393046
0980539884
0984643352
0984337018
0980779514
0986350712
0948112613
0980422091
0987753336
0582915155
0988830832
0988709798
0985018215
0989015354
0922004282
0987273515
0985514023
0987548508
0984489311
0988272623
0984113920
0983721465
0988377304
0980778511
0980431353
0984748127
0984842848
0986879801
0987682407
0988535810
0984863046
0983102018
0988608937
0984841417
0988075015
0984631350
0987230488
0986301484
0980659055
0982965189
0989795673
0982664755
0988296953
0987344604
0987553239
0984724090
0949198421
0981960775
0986224476
0988600782
0981601756
0987064373
0989298365
0986348822
0986319314
0987275315
0984796094
0981164749
0986336372
0986587192
0986799758
0984517786
0984170577
0984628821
0986811898
0989914466
0984783054
0989888914
0385650002
0986442833
0988799288
0986983864
0989580896
0987537836
0987286441
0984553989
0986074443
0982043910
0978671213
0338501201
0988379504
0983426872
0389985464
0980642660
0980359730
0987623945
0987818083
0987464147
0980531173
0986544302
0566767880
0985393108
0985001273
0982860612
0987419127
0986014822
0989920010
0987792982
0986956721
0982733286
0786537412
0982090958
0981288776
0982666211
0982496593
0984948384
0988411462
0988844577
0982628662
0983173908
0984911996
0986381085
0987484521
0988890318
0980774761
0986172120
0987480509
0984937748
0986018053
0983977813
0986868841
0984918588
0983596761
0982001441
0984342124
0980363946
0983442366
0983845055
0985029729
0988850993
0980504065
0987389076
0984405226
0980284234
0982597334
0985367550
0985409237
0986795266
0986880835
0986010124
0988585826
0989638294
0984511591
0984188678
0980738293
0993443312
0981094001
0988899063
0983965922
0980911243
0985745947
0980824777
0988989892
0985832320
0982510505
0983878218
0987630732
0985353382
0985543937
0989438636
0985466900
0989047270
0987544842
0987721097
0983110882
0988876554
0986904713
0983298105
0989661772
0987994231
0987407596
0989580978
0983652138
0986342555
0987958094
0985413850
0981961696
0989916337
0987935886
0989968728
0986125050
0983137264
0988024476
0989610446
0981953169
0989278677
0989666624
0987073739
0983902061
0982560550
0987497091
0985222899
0988000918
0986408587
0984823663
0987460044
0986813386
0981462098
0989744559
0989867843
0989280766
0987209188
0988663185
0989504674
0983797022
0983979002
0980825997
0982263433
0980648440
0984140596
0980089566
0984144172
0988560720
0986688823
0986181061
0983872126
0980274318
0987313018
0982342349
0981155155
0989543764
0988326852
0984032740
0986165867
0987423925
0986727028
0982731189
0986025583
0983985805
0986851646
0985955203
0982781912
0983228101
0983112303
0983643062
0984535351
0981493843
0984614612
0987461330
0986122685
0989816121
0980562665
0987108675
0981126658
0983321498
0987167883
0982845646
0983105817
0984467650
0988741213
0984524692
0981915486
0983611286
0989735200
0982199677
0983388639
0936605053
0985445256
0983268969
0985277529
0988914464
0985162251
0983437288
0985341788
0988599692
0983050074
0984025250
0902826720
0987215757
0987997134
0763892099
0983316888
0985153005
0987704016
0982349318
0988730004
0988094051
0988187706
0984217890
0984952707
0980609382
0983535406
0989414151
0985548317
0928064072
0986225065
0989408501
0988265642
0982136894
0989242079
0983454648
0980537728
0987212836
0289996211
0983794642
0985973829
0988794714
0986926144
0984435534
0985439799
0984408972
0985555372
0088105931
0982424538
0980913270
0984992571
0482488048
0984852300
0987656344
0984824135
0982642749
0980906484
0985719723
0987035422
0988825012
0988853952
0983625226
0982575467
0986172301
0980597469
0989997487
0980809348
0986837475
0987101896
0989857502
0979562144
0985810976
0980026911
0988260632
0980032270
0985069203
0982549179
0983607177
0986547640
0987462647
0988985281
0984752042
0983627087
0985781776
0987739370
0982726637
0980180301
0985974721
0980718418
0988782534
0285114013
0836394877
0987030507
0982772646
0984925195
0986028650
0985101486
0988799776
0987563443
0986100082
0986087764
0988880020
0987698171
0980297619
0980979945
0985006778
0984380957
0987439730
0986495353
0985210942
0981617599
0982144162
0989594419
0982018535
0983340217
0985864305
0909920958
0989776568
0983056145
0884563810
0981592390
0985935756
