0987239136
0986672962
0984193598
0903295346
0987582389
0988734780
0986136860
0842267847
0923945043
0384828388
0982972952
0584378728
0988190423
0980443142
0987268836
0988029572
0985781374
0983577222
0982252795
0987872200
0980224055
0988176451
0986967829
0982364281
0989755116
0985124793
0989422855
0980175496
0987754985
0984284301
0983577693
0984087969
0983928348
0985190874
0987226615
0983880214
0985900235
0983695014
0982626505
0915222450
0986592126
0984800456
0982761273
0986027822
0984573305
0987491628
0989014320
0984988824
0981930358
0987980104
0983429550
0985733409
0980414986
0985720609
0964293396
0989504122
0988227427
0984460691
0987362662
0982938972
0988705463
0982553942
0909865996
0987099279
0987388964
0984896945
0983220260
0986258451
0987866389
0983809392
0981075377
0989285169
0984866358
0985726833
0987674005
0985656129
0938663846
0980041429
0980935305
0987600287
0981495663
0985647876
0987515104
0986266924
0985342480
0988461508
0983456383
0980684058
0980167086
0980727812
0988162271
0986472235
0986719279
0987304202
0987125758
0980351685
0987018195
0989294704
0981417679
0987925142
0980388922
0983509782
0989897712
0988132057
0989415415
0986039145
0987852546
0982026848
0978755801
0989052616
0984971943
0987111854
0983871332
0982462609
0981558024
0981967469
0988112890
0986787128
0984431931
0983012672
0987973832
0987394234
0989285626
0984380434
0981687774
0983215989
0989801500
0985930225
0987128448
0987453807
0987563257
0984727570
0986515858
0987540543
0988144162
0988783814
0980955224
0986537407
0984496862
0984421078
0986770813
0983643602
0987752261
0989369579
0986412046
0983844155
0986014146
0966741524
0983587790
0983514996
0957410651
0982453942
0983721573
0983157977
0980368389
0907824800
0980888512
0985831187
0980015728
0986726843
0989352543
0989236243
0983754500
0989594024
0969980025
0984603106
0989565122
0988155020
0986314322
0986142554
0980619366
0987689744
0985636663
0983787069
0982733978
0985904795
0980030677
0984713896
0987881736
0984418870
0983088432
0983408991
0983479593
0986993364
0985058325
0909319729
0986459309
0984632589
0983056826
0984892508
0989983183
0984026960
0988149213
0987936749
0987850643
0364162044
0988506989
0989804568
0482129537
0985909351
0986177665
0988970188
0987144040
0983432393
0985924636
0988967298
0986748028
0989841567
0986734860
0984257944
0987832529
0989967475
0989798812
0985094572
0983431642
0989820459
0989578080
0388476752
0983679679
0419491499
0987425655
0903736504
0981423836
0982740975
0983937832
0989645167
0981131359
0103985361
0989187950
0989698728
0984324071
0986030964
0985308945
0985680524
0982239324
0908448163
0988666975
0983066144
0986910754
0987421842
0989210157
0985291860
0989684776
0986475474
0985309087
0986222515
0981309204
0984455480
0984480779
0987152638
0988343247
0989287821
0988612072
0981378453
0983712800
0988047929
0986258025
0982935918
0982135939
0982740485
0982236729
0988490021
0988968773
0988308228
0987192264
0984286392
0981087104
0984593798
0985967110
0987270850
0989486330
0784319501
0986285591
0986230647
0988555465
0981019563
0982602569
0989913027
0982309103
0980083650
0982676337
0980231366
0989370673
0987493249
0983438370
0983133770
0989110799
0983071324
0707067745
0980128396
0981774887
0987516725
0980586279
0985978203
0988197772
0989781376
0987832293
0280030369
0981120805
0985717070
0986261729
0989219193
0989271548
0989276312
0988600786
0980683130
0989954776
0986843824
0987993535
0987259247
0983849234
0981003876
0980600327
0983642744
0984788358
0986720430
0919908729
0983346758
0986110429
0988744999
0980048571
0486681584
0986222229
0982199505
0983396000
0983034153
0988646469
0984509211
0989610490
0988934009
0983430529
0983782834
0980989567
0904357242
0987069251
0982472479
0945617190
0980963657
0984327921
0987157512
0988357562
0983313701
0983521557
0989161170
0588442485
0987347409
0987489369
0383588551
0981404760
0987588709
0967599031
0989045546
0985777471
0987610294
0955192678
0985789801
0986646861
0986238728
0981731476
0685804922
0984346366
0988238784
0986411914
0986653312
0989582116
0985589521
0797735699
0988522742
0988897498
0988580338
0981768400
0985131476
0984405670
0981135876
0981501115
0988018897
0984440979
0983216336
0988623086
0922146469
0984422804
0986814286
0982548756
0989825183
0985363710
0988339126
0980478238
0986178689
0965239818
0983800854
0987554105
0980366921
0981457551
0983299857
0982145544
0941987171
0983895513
0986848232
0989617984
0985213846
0989356892
0981833747
0983840600
0987781564
0986585046
0987109123
0988323241
0980000811
0968418383
0983532270
0989253533
0982563038
0906383167
0988279200
0983925796
0986631089
0984182951
0986840086
0984373808
0980938246
0982947574
0983051797
0775999239
0988256765
0987305585
0986507495
0981755070
0933529966
0975801891
0988424217
0983702379
0587750131
0953218563
0989144857
0987680801
0980989905
0983715312
0983086688
0981603479
0982856912
0986257161
0888814030
0989297940
0988956008
0986602433
0984389493
0983652732
0988910652
0982191594
0986846261
0980896412
0989834265
0985666066
0986208545
0986973610
0385915952
0989307960
0983536909
0985010530
0988578694
0987740411
0925980770
0980151085
0986626845
0988806542
0982064603
0980259704
0985427658
0988070735
0989039628
0986899735
0987105681
0983385706
0989036298
0985037252
0989641666
0984998420
0985257724
0985421370
0982256459
0988347587
0984320837
0982394611
0980940319
0981727888
0984605271
0985891590
0985758338
0988046956
0989165280
0985353200
0984589172
0980281074
0987817395
0988822019
0986883626
0185289786
0987646442
0988122905
0985075296
0980460636
0988952836
0984805682
0981984833
0984775484
0988349170
0981849192
0985582170
0980650265
0680155523
0982734797
0987127084
0986723374
0918496057
0986523836
0984065291
0982848756
0983590253
0786103378
0987253170
0985484172
0987399314
0980705938
0983341993
0988299043
0983848981
0981242079
0980421556
0984166217
0984936890
0988860890
0986150130
0986163231
0989989211
0989338398
0980354413
0981195132
0985151273
0984470238
0988822969
0981623509
0980637716
0980816403
0980401653
0984265222
0986186822
0985567032
0984055506
0988747776
0985235319
0982364871
0984112029
0986081396
0984338005
0987898947
0984109382
0986428246
0982855827
0980923264
0986306970
0983635800
0986370272
0987993335
0981471384
0933360270
0985380843
0981737741
0983499356
0987963647
0983679105
0982670529
0987565924
0983923001
0985906800
0983985006
0982944898
0987615504
0989053397
0982500730
0989760750
0986237384
0983726593
0983934312
0989455651
0983305000
0988730679
0980349764
0968765894
0983585561
0988574189
0985282691
0983177126
0982297034
0983599540
0988438646
0982698659
0987616656
0987061898
0984347346
0988957635
0981459723
0980412881
0989558421
0980645511
0989255283
0989364255
0986723953
0988954701
0985400423
0980961530
0989768440
0798480110
0986632387
0988530253
0986181220
0908664435
0983327932
0987622850
0982352391
0985956774
0988893074
0960640800
0987617048
0984158196
0987649313
0985768909
0987730935
0986590621
0986513061
0987699982
0486298306
0983658817
0984219269
0982135544
0983197240
0988799323
0987052516
0986344432
0986582563
0984571845
0987106458
0982563638
0985104987
0989136175
0981585925
0986093802
0986055556
0384407160
0985553220
0982627120
0983770112
0980909443
0988273576
0985780251
0985147997
0984160518
0984517138
0985257186
0989611470
0981853268
0983462535
0986135608
0906821901
0988192653
0986604757
0903319967
0981692658
0988676693
0981658485
0984913162
0985390795
0988101756
0984619782
0989089188
0985223295
0986736987
0987761444
0989609216
0982776855
0982041334
0985600239
0988972690
0981884690
0981426802
0985311037
0985718851
0988577517
0986687643
0983477444
0984126625
0984744405
0988190835
0916873119
0988810840
0985013993
0913777282
0982517428
0989869453
0989188605
0987276531
0980061212
0952299765
0981223147
0980004996
0989923222
0984770362
0981335771
0981961396
0982161691
0983704092
0783832350
0982154024
0985003658
0986348571
0980292373
0989654260
0983519126
0988254374
0980840275
0989031725
0988715881
0989312084
0987907749
0988671591
0983715229
0984775250
0983065834
0987110309
0983503633
0981145781
0986535415
0987228449
0988730976
0982066295
0983692514
0989765965
0987091511
0987935247
0980323953
0981265435
0983751389
0984146443
0926405251
0988073696
0980242036
0988933826
0983376532
0989008493
0989670521
0989800162
0989721036
0983328046
0989392086
0988893024
0987514195
0982501755
0989609312
0989602112
0983857285
0981569561
0988929193
0983199557
0984623155
0984084121
0988796429
0985914186
0918635532
0899044143
0984203755
0982724116
0989780024
0985139841
0980543899
0986310894
0988862474
0982504923
0989077370
0982602778
0987634177
0988118260
0922768637
0983150032
0982895092
0984912945
0989001784
0960041700
0982943485
0985042966
0986603526
0981467452
0982210087
0982844929
0981216271
0987174621
0984164278
0986484293
0980272732
0986544918
0984292107
0984063935
0987952671
0983465226
0985669877
0980478253
0985938252
0988538779
0987922616
0985906507
0985221026
0985690450
0988052765
0982360083
0987433331
0983162947
0986190773
0989640581
0986643608
0985714448
0982772847
0985502049
0982638357
0986517495
0982951620
0789571249
0983583699
0988479934
0984908997
0987890941
0988414055
0984829201
0981999280
0984412940
0987471493
0985718538
0980943879
0982909547
0985263413
0983591588
0987054227
0989766949
0989807808
0983238504
0985176216
0987508973
0984667178
0988072818
0988011084
0989905564
0989665994
0989429922
0982429518
0284867008
0987042420
0983012741
0980237441
0980576495
0982023193
0977491287
0987387635
0985675867
0984646451
0986604244
0981110381
0989647839
0984414803
0987166587
0780434209
0980176826
0985742043
0985851758
0989876683
0989683728
0986289166
0983330406
0589544444
0983361530
0982505744
0587634653
0987319164
0985092524
0981077823
0983530299
0987051753
0981517397
0980078906
0965195773
0983237714
0982168139
0981852506
0906362288
0987743717
0989414902
0987718632
0914666438
0987230564
0982424178
0986351462
0981962718
0386670553
0989944904
0987302408
0985017082
0987639996
0986060128
0984003993
0984912919
0986578899
0988879905
0983294296
0989348596
0987220941
0987734442
0982269819
0886486722
0983544783
0987187444
0983005411
0981563415
0984976930
0986862975
0988636166
0980565992
0984532411
0987716256
0985555881
0987560531
0989060207
0987272642
0907813334
0986353541
0985687698
0982885527
0984470025
0936721783
0983255006
0984356889
0987078258
0987968906
0989996777
0981181761
0986914308
0988569472
0985455076
0967050043
0989499633
0989769288
0983825630
0989926895
0089643260
0988467994
0986105844
0987117367
0985934400
0985848614
0981572522
0984859904
0989734668
0983583321
0985992946
0988512720
0982509066
0988077460
0984796601
0987905538
0910520421
0985393211
0982116185
0980980749
0986226921
0942735745
0987567774
0982851708
0984350903
0988363523
0581510037
0989393001
0886869228
0988604869
0988471820
0986072624
0987557194
0989619267
0988058393
0987255363
0984394191
0985651431
0985994510
0987039129
0985375287
0987419514
0986460493
0984160425
0988068744
0986228635
0983143597
0984749037
0988341266
0987233488
0982520840
0354552588
0987450965
0989019349
0987116280
0981285038
0983639017
0980481659
0986137938
0988295518
0982797580
0984962779
0983705531
0988453313
0981841697
0784796349
0985386847
0988014137
0986893723
0987370792
0986383309
0348729888
0983189186
0982911962
0984133678
0912513632
0787582297
0987721161
0975541389
0986855977
0989704496
0985343533
0983793049
0986711425
0186037260
0338090868
0986134682
0989882789
0986536093
0985179364
0988662629
0980262760
0983013592
0980465815
0989676502
0985309997
0984810545
0982343032
0984300861
0988048504
0980974189
0988979831
0982800956
0985988415
0983939950
0981894160
0987183770
0984314375
0688513656
0986383417
0984090948
0983385340
0986173916
0985431115
0987814922
0983908110
0399909041
0985472097
0989137624
0989863391
0987336145
0980077151
0984617792
0980125014
0983380550
0987219915
0984912423
0903386608
0985811393
0987711488
0983518348
0984187799
0989834081
0988799156
0288022512
0984332690
0981656555
0986122492
0982698170
0980646497
0983985784
0988320844
0984557823
0986855196
0982111053
0982129463
0983521284
0986633077
0988434055
0983478285
0588541671
0985427543
0985354301
0984209945
0985929837
0906681052
0985825583
0980577905
0988833910
0987072398
0983260921
0974185610
0984569640
0985101311
0987086241
0989347685
0987505095
0985052176
0982187851
0989507153
0984966162
0983156556
0909457224
0980291987
0982509342
0984309498
0981569351
0989999637
0984025741
0986259580
0985486916
0989632077
0984150553
0988872795
0985366447
0986225289
0984005914
0983189110
0982142348
0982570305
0989035064
0987206241
0986251071
0982135975
0989432789
0989801721
0984642289
0774383122
0987474333
0987359404
0982776385
0988710538
0986588894
0988007180
0988237803
0985430185
0987519081
0984105652
0983771056
0982959982
0994327931
0983486215
0985664657
0986162246
0989117382
0986941224
0986064509
0987070151
0985591227
0981361089
0987575396
0985241834
0982064835
0987498096
0985418668
0980234648
0980953246
0981330999
0976201467
0988420680
0994263236
0987719064
0984977256
0982132341
0982850456
0983572369
0984516334
0988718535
0987200677
0984343864
0984252484
0988933322
0988535976
0986167813
0982370726
0984616311
0984829101
0983110611
0987824125
0985052802
0986300306
0988630798
0987601631
0985551282
0981649027
0980181446
0703663039
0989704978
0986579650
0989434194
0986383612
0988029327
0984828391
0986704265
0985294599
0989901308
0397770391
0989960246
0983528474
0987901628
0982313722
0980200253
0986215110
0985813166
0396445873
0988356885
0989090734
0987349492
0985245720
0989350512
0982621869
0984905234
0987593305
0982656654
0987861987
0988887338
0981998359
0987706405
0988419848
0986968100
0988601092
0979627361
0989522559
0984549182
0985458807
0986462622
0988930422
0982259364
0985843915
0985171221
0983039992
0989836919
0987151082
0983196020
0980556109
0989611255
0989391207
0980627545
0983077813
0982070050
0988274203
0988616735
0988534499
0989543878
0988796465
0986222535
0988282473
0987766311
0987186072
0984846041
0989229669
0985991753
0986824352
0985077197
0985949096
0987456158
0966053310
0980586437
0907954602
0986241739
0988996630
0984284043
0988427578
0985853113
0982364705
0984324739
0982171554
0984605984
0985779977
0985260604
0989537904
0987740248
0980929520
0987344460
0989631298
0986988502
0980480857
0987309993
0984210444
0982951161
0987496418
0989148719
0903924702
0902324418
0987525843
0989995167
0980391096
0987357195
0983066762
0988895471
0983493197
0982833388
0985420209
0936228093
0984482333
0984229839
0981832108
0932873840
0984251324
0981305942
0983480198
0986106025
0983205954
0986632831
0980992657
0988608299
0988957092
0984402064
0989630715
0984938133
0987604758
0938026370
0988963253
0983037466
0987440604
0986773782
0985324832
0988517471
0983821293
0984448433
0988147507
0984994588
0988939651
0988460633
0084673961
0984838659
0887628988
0985987638
0988244603
0985593481
0987931734
0988836516
0986389687
0983591732
0982367911
0980727539
0980265327
0988941862
0586452321
0989894888
0989456400
0985389980
0987415850
0989998465
0982869077
0989795901
0988158246
0988067890
0983626106
0980699890
0909970286
0980825318
0989467789
0986756723
0985987995
0980741557
0907798641
0987926421
0983161572
0985904780
0980991369
0987563192
0982513525
0988453657
0984252485
0814245800
0982146180
0981276455
0088564013
0998136917
0383659268
0980808290
0988987896
0983642897
0985389631
0932767527
0980840139
0985316411
0980820967
0985109845
0284223463
0984494682
0988504603
0980006655
0983488329
0984490155
0988168719
0980779341
0385430282
0983909997
0982819960
0987392786
0982337315
0989401140
0980904687
0988486941
0983577181
0987527140
0983570563
0989753113
0984769327
0989589447
0983546494
0989900768
0981418832
0980105880
0984291476
0987990083
0982392100
0985637868
0981504702
0989446300
0995555979
0983780770
0987917763
0981039349
0986092521
0983416251
0982139268
0987029949
0980845846
0988488167
0981270930
0987168346
0984628289
0983779926
0987724408
0986031652
0983344361
0988837721
0989859526
0984102925
0981579739
0908845810
0799120382
0988535045
0982048189
0987437203
0988858903
0985637984
0980684089
0985980085
0987523213
0989780347
0983596209
0999859081
0982824143
0988308762
0986453431
0989837846
0984592644
0987270091
0984960079
0987400635
0986568305
0989833970
0988503796
0989808998
0980140172
0986071659
0983319931
0981183539
0990716708
0986564725
0566715750
0985588139
0985839819
0985856046
0912411085
0986395232
0980690081
0982108734
0986223575
0984759507
0937579012
0984480979
0983182297
0981712514
0986530136
0986612708
0983326287
0986510848
0984106601
0981935201
0988807320
0982616642
0985323941
0987376127
0981660105
0982300216
0985328817
0903309818
0980055695
0902375567
0984766293
0982045563
0827242946
0987464937
0988800215
0987859872
0984978865
0986972286
0988725138
0984440759
0989526103
0989856418
0988243710
0985565303
0986681432
0985829746
0983273538
0981481333
0987824363
0989241979
0985244227
0989467696
0989722856
0985662061
0984532093
0986465201
0986641618
0986432165
0989742263
0981445670
0988898193
0987149800
0989459462
0987797139
0985022178
0989154396
0984820963
0989667253
0980181525
0980413366
0984083702
0981557033
0983373496
0909779047
0887695067
0981406284
0980976345
0980794600
0982149999
0981056041
0986917074
0983498057
0983437025
0982463952
0983915764
0953127847
0986181856
0986915656
0980579341
0986605448
0986339286
0989634407
0983883469
0982534812
0989479548
0983476466
0981177058
0987109708
0988570378
0989823460
0986071028
0989686407
0988705471
0985525083
0989161737
0955618566
0369004152
0989958613
0986144270
0989638268
0989896334
0986694375
0987059053
0987937890
0986487780
0984099029
0982361642
0988101347
0989607883
0988289256
0985618670
0983455282
0988000769
0986253066
0983933833
0985334799
0987707101
0989592927
0980765330
0589065017
0982913284
0982590540
0987725974
0984997455
0986068020
0983656300
0987712746
0983773447
0980380106
0985538873
0988494966
0983546134
0988953500
0983865958
0987278238
0989767106
0987245058
0980469166
0987616870
0985651719
0982707334
0988424705
0788499590
0986954222
0838435804
0182528430
0983833119
0981905949
0985035749
0982175599
0988126625
0985460014
0988768595
0984708036
0985309973
0989171628
0984986864
0983357106
0985077970
0985188519
0985232540
0945496967
0985898468
0985502157
0980792032
0982970016
0986771573
0981042414
0375147154
0980680179
0983943836
0989406716
0989335807
0984814418
0985733020
0988688767
0984437800
0981151306
0982780936
0985040988
0988023121
0981105578
0988683971
0984757042
0989073410
0984256162
0989028536
0981208308
0989619002
0901430327
0988573002
0986445474
0903591075
0985964247
0987944928
0981299740
0988871912
0986893720
0900558921
0982372153
0981855657
0989944337
0987654426
0963661396
0981332717
0986832548
0374684718
0986561992
0987491543
0982750993
0985854134
0989858631
0988658711
0985668860
0988141165
0980085826
0986207469
0987694036
0981387875
0983060616
0989018929
0982915269
0985889459
0987040148
0982272545
0980772544
0997521987
0986634209
0983683476
0988483563
0980251126
0981362622
0987471904
0985475565
0906793977
0988309152
0984195831
0989647195
0986913638
0985557767
0981778165
0973980430
0982141047
0985169633
0981693615
0987424310
0982071649
0980251022
0983233651
0986440045
0708975363
0989099409
0966845833
0987936641
0982365943
0981545431
0984452458
0188164302
0988380720
0980358460
0924421377
0982023103
0988549447
0989225451
0845664757
0980967404
0980635636
0982350350
0929514059
0986010216
0982867644
0984750732
0987419295
0369158225
0786238288
0985941316
0988233001
0983816875
0984146327
0983111066
0988750942
0988996421
0984458846
0985590055
0982326725
0988747835
0987729921
0987655747
0985545409
0988569727
0982896732
0987857970
0980755640
0981533582
0986660906
0987025382
0986628095
0983196511
0989027463
0988780946
0987247906
0980178663
0987375847
0980375614
0988286088
0987201587
0983940802
0975089837
0980514519
0780229156
0985925204
0983597296
0983455543
0983526934
0986029221
0982538820
0983452793
0987336894
0982103995
0986245279
0985660056
0983915077
0984692264
0985652992
0981081997
0987655648
0984987880
0980119497
0989537573
0983443916
0987006258
0989840283
0980305302
0989941648
0985112256
0981032627
0984006711
0984169766
0985269680
0983521183
0986169364
0984921013
0980697192
0989975447
0088281894
0982356247
0987494115
0986598356
0969563473
0986061702
0984529244
0986269811
0989486202
0987085993
0984137863
0989862753
0989937022
0983370329
0987464887
0989988172
0980208349
0985736649
0988777689
0980752957
0983642055
0987527386
0980336140
0983777411
0983896942
0913161447
0985267669
0943130057
0989901696
0985222778
0908033067
0968346392
0986115282
0987057026
0966641237
0908497934
0987289618
0987872927
0988594429
0924990917
0986866761
0984929606
0988542932
0982478859
0917323888
0985140913
0989015724
0985415728
0986965106
0981841121
0989894509
0989748351
0987830698
0986677419
0988971508
0989609319
0982857007
0986202874
0986508566
0903438928
0980735190
0989055991
0984102697
0980389938
0985449504
0980830550
0986992445
0985527512
0986415423
0985499814
0989884997
0792950562
0991750464
0982983459
0983621320
0986119356
0985914096
0989302571
0980233218
0987148942
0980638371
0986886200
0989349610
0981599404
0988221803
0988981184
0981095683
0981075855
0980734835
0982445564
0989428375
0989296135
0984739521
0987952512
0984222533
0089410894
0986743985
0984172299
0984694903
0989334594
0987825115
0988020469
0988779228
0985336829
0982084083
0984595755
0981945312
0982074959
0989928815
0964034581
0985379120
0984139515
0983373635
0916726790
0980282450
0918596876
0987174182
0958332137
0989078083
0981552870
0987602317
0569214259
0989349408
0989635967
0986018587
0981728735
0969574189
0989044419
0985955998
0976951951
0987206837
0986563631
0981770568
0980354311
0987973603
0985121288
0984411224
0988989930
0986618584
0984170962
0989689024
0983953348
0927781034
0982350961
0989676747
0399693398
0984760257
0984581773
0986591167
0983070548
0987923042
0986076636
0983930908
0984635463
0985408772
0986408859
0986503840
0987435420
0987837576
0980747285
0981386163
0983123608
0379753770
0984682467
0986269897
0988620083
0986580661
0984807125
0989575870
0980317889
0987005983
0983587491
0988621711
0988550140
0989781329
0988345186
0984717854
0982557077
0986182462
0988077451
0989530767
0987382603
0980767251
0988061810
0987224375
0985447927
0987573265
0983735251
0986825277
0985138263
0988614492
0980575936
0981528147
0983246134
0989980712
0981761155
0982490607
0983430271
0987766546
0984512922
0989880529
0987786989
0986866969
0986276305
0989139601
0987532614
0387733560
0987543653
0980989337
0989909013
0988996462
0986245222
0903904894
0985786939
0982067763
0985530954
0985764960
0987810366
0986848305
0982768446
0988043979
0989538711
0993900094
0920308601
0983600749
0989363162
0984825523
0981753535
0983285297
0984838532
0983602124
0985185938
0107677968
0982648713
0988209057
0989362967
0982161247
0985141909
0980966970
0985338841
0984508726
0989881786
0986932006
0986112099
0985491913
0985783364
0984443234
0988155455
0981331898
0984541733
0988331392
0909072257
0985518102
0981771344
0989553674
0980937722
0989593153
0786019041
0985769356
0983399251
0942070007
0984586042
0988488592
0982406166
0981855344
0980623728
0986521631
0986224188
0984979309
0986955792
0982666949
0981513566
0082129355
0989263636
0982256427
0988217187
0988045420
0984563987
0988893172
0980384630
0986275257
0984984801
0984895244
0980664553
0987305833
0987255621
0988984263
0986065788
0988872098
0981305234
0987749970
0983681343
0987931633
0982202171
0981821552
0989074414
0986088018
0980986013
0989483639
0981674614
0988917798
0987197958
0985386778
0983937348
0985779514
0789623153
0952579381
0984369833
0986691670
0985473923
0935659848
0913699926
0989679143
0988057896
0984248241
0980792848
0987588428
0989032236
0988622912
0989672316
0842517112
0980295723
0982024919
0186298978
0986082985
0986951061
0982786731
0981735633
0983183590
0984232180
0986254766
0989655281
0984903491
0982259526
0983229150
0985122000
0986550096
0389067263
0985849158
0980620908
0984818434
0982012568
0985919992
0984674783
0986939050
0981822154
0381980865
0988090101
0985807293
0983409050
0789537175
0985257503
0986515705
0981731625
0984754151
0982386821
0987009331
0985783004
0983182447
0982626486
0984596795
0982501269
0928606092
0984350599
0936243208
0981836698
0986393638
0988609410
0988334393
0985798191
0986862991
0382671156
0983997250
0982214966
0981138234
0989070938
0987830845
0989521795
0954428942
0986600142
0987230749
0983709170
0983904508
0987812428
0986256458
0987062183
0988764563
0587080124
0988517865
0982283576
0987016344
0987610661
0984588587
0981750244
0985352795
0986116358
0988938820
0987419393
0386219586
0976992654
0965741739
0988381735
0985837312
0985808093
0984583427
0980981013
0980734532
0989986838
0980189062
0988407511
0981652763
0986137120
0985217817
0982819891
0588145209
0982965222
0983159130
0981657467
0989870501
0683571993
0987702205
0980828013
0980269899
0982587894
0981872432
0981190136
0396601831
0980595410
0982955383
0983693725
0984553996
0981119599
0985609567
0986532382
0985794142
0987392605
0986464277
0989573817
0988971213
0908220226
0985185289
0986593784
0985526155
0989119178
0988570850
0989230381
0986719205
0989158511
0989001054
0988808449
0989484508
0980092439
0984977414
0987452543
0983110819
0983491539
0906259414
0989354364
0982541315
0981814114
0984681480
0967531231
0984371017
0986412711
0981005889
0989727710
0983031994
0986702091
0983498036
0984143537
0985988995
0986537022
0938382490
0988930835
0986477162
0985383349
0981927686
0981103219
0988730804
0986017023
0981897799
0915724179
0983526308
0984225675
0981324758
0984605884
0985976390
0363088065
0981323547
0986119736
0981137325
0986674291
0981582570
0980442219
0985373520
0988528501
0983679904
0988486262
0981115713
0987375644
0989943689
0980641168
0987414865
0988713973
0988010708
0987100021
0983017480
0985092340
0983768026
0988031989
0983285281
0984827754
0989042440
0985614447
0989957821
0936279026
0981766582
0989443070
0983710207
0984042461
0986982627
0775409892
0984224384
0987223330
0984037438
0988550012
0987569451
0983259402
0984050035
0989517870
0982431867
0980511705
0987371289
0984264010
0989905293
0980504633
0989013841
0987157870
0988293504
0984043854
0984459355
0982033815
0988408592
0987932282
0988411134
0984764779
0987216857
0981226087
0328720139
0988037722
0983414625
0987413747
0985877038
0987587843
0128761865
0980207980
0986889582
0988369567
0985002753
0989012949
0984576925
0988287582
0984758671
0990200633
0989250739
0981516895
0989494111
0988373540
0984848247
0983711491
0988094177
0988679676
0982759102
0983834774
0987190096
0983309058
0983150595
0980442483
0982113733
0985748560
0983425016
0987414782
0989957797
0985389237
0982466816
0987490342
0987031408
0984802997
0983702474
0986541808
0985404613
0986180979
0917428617
0985497070
0989463452
0988368107
0902293705
0987097089
0984046532
0985222621
0981417798
0981240349
0986124459
0981863153
0989911466
0983928255
0980653090
0983888358
0983117723
0984807238
0984459542
0983513475
0986596418
0983221749
0986415456
0985480314
0985489113
0983540812
0987576194
0987423015
0986501246
0989240213
0987829469
0986584917
0981436729
0989758611
0983554999
0986555417
0985739416
0986783937
0983598188
0988013817
0989398115
0988964051
0989463895
0987565207
0983136306
0986324027
0903444978
0984496967
0983719951
0983957708
0988313793
0963365814
0909473618
0981100117
0982741401
0986708530
0986376909
0981409561
0981833108
0985031818
0981134688
0981223625
0983676103
0984745476
0987736560
0987709317
0987081730
0984380887
0989281676
0928241938
0981459409
0984071796
0989151285
0988667116
0986035022
0984398061
0180202166
0988192987
0987615423
0989551808
0980634307
0981293755
0987373354
0986514415
0987788472
0988003988
0981090611
0985631111
0983015643
0983780997
0987247910
0989304725
0988062211
0947292905
0981986513
0982513172
0948538165
0986709677
0981589607
0985278263
0985691840
0983805252
0988709288
0987204622
0983269335
0987383284
0902773234
0989926339
0982432376
0988868817
0988834065
0984172072
0987954142
0984359452
0989949492
0983418084
0983931061
0989354457
0986402715
0986977557
0988956059
0988054071
0988443549
0986084280
0981432609
0985737864
0989175016
0984010680
0984184052
0984923956
0987325544
0987161617
0982215288
0983989881
0981236936
0982720569
0982597760
0988814234
0985081382
0989451231
0985957326
0980743382
0984421116
0987148994
0984557368
0988353943
0988234287
0984265850
0987021001
0982582169
0986185552
0983520270
0983481893
0988530532
0987615665
0989819698
0987728277
0009367773
0984556509
0983265463
0980281666
0984854016
0388221541
0983654447
0986886888
0985716153
0988908885
0988561471
0984419346
0989014597
0989331609
0986221734
0980080359
0909538802
0987004888
0988729056
0987974586
0987179491
0989739505
0912840905
0985644116
0983946470
0908848336
0989205665
0985469948
0953878721
0982495606
0987894966
0986776368
0986894255
0982292506
0985352536
0984106536
0583492696
0986891021
0988888184
0980982015
0983987746
0982043889
0987957221
0982787197
0983448880
0985707834
0984820180
0985570135
0983902890
0982777021
0986203076
0980149699
0987585600
0987077695
0981017670
0987234467
0983004264
0989106799
0984593849
0982579554
0983019035
0903664978
0984159544
0988557842
0784285522
0189554437
0980981343
0987495763
0989416978
0988151630
0988874829
0983845212
0481309577
0981464642
0985546338
0985719096
0985129054
0987303364
0983538528
0986387404
0983157540
0984008818
0987521931
0980620708
0985137979
0982067012
0983450151
0987498333
0081770422
0325429341
0982825910
0985261366
0986318059
0962624694
0988565309
0987186070
0987465098
0989480744
0181706355
0982943024
0986527186
0985880105
0980070671
0984519788
0989628878
0983451068
0983942117
0985307381
0985059428
0985559372
0988559347
0985384798
0984691244
0984308189
0984532693
0986487061
0989480572
0985893488
0981535686
0988496031
0986212759
0983921638
0981423809
0980507704
0985917502
0982491383
0986101557
0971979098
0980962598
0986234356
0984515178
0981977363
0985101474
0983267539
0987180874
0984402782
0987245291
0984370786
0984413515
0983729388
0980650302
0982069664
0984346681
0988136077
0988425556
0985472266
0982420856
0980095606
0989823209
0985099254
0984663502
0982500184
0989416514
0984759312
0989170096
0987853559
0980500318
0987223869
0988891855
0982563657
0983850666
0989081708
0986201368
0989445132
0987397390
0989079824
0988191198
0988739066
0988016764
0984625412
0983597822
0987641203
0980256794
0988796206
0983604881
0986749172
0986452138
0980026862
0980520230
0980470762
0989967306
0988222156
0981804672
0984696213
0986951499
0987927183
0989363107
0988135486
0989803646
0984157186
0980717890
0988297098
0985353329
0987675302
0985461920
0987748116
0982720525
0959487220
0989644650
0987756259
0983598627
0982050090
0986547059
0985083632
0986743880
0981828452
0984650689
0989590711
0989280101
0988086880
0985014446
0972170518
0987929181
0988107091
0980651391
0982301565
0985399194
0985804761
0986349868
0581978543
0989601517
0987539831
0985396461
0985214700
0886784841
0981150615
0984705421
0982711533
0981313858
0982880041
0982744901
0987091816
0989072748
0982931190
0982320483
0984536275
0989623739
0987439119
0989161693
0908555685
0984630735
0988706186
0989374430
0988268112
0987131400
0987807654
0981527092
0984430294
0981823655
0988076233
0906790510
0983181901
0987709518
0985041431
0908701812
0981936221
0988456512
0083292068
0989168722
0961809376
0983544471
0922667169
0986691437
0989100233
0988462005
0983449442
0828180563
0981452065
0984326900
0982541219
0988900818
0987217292
0983881362
0983542215
0981992571
0982611297
0981930284
0986670683
0988347364
0986979504
0984513389
0985763380
0984846497
0980994898
0988544277
0985665646
0983138489
0984908081
0985286121
0985859523
0984279647
0987017386
0985606986
0981822342
0986351226
0901360075
0984971657
0988145776
0987417968
0982156432
0982579479
0985185375
0984926836
0982707005
0985103481
0981027294
0985436868
0982295259
0985526802
0980309253
0986966561
0988382352
0982158920
0988226217
0985261994
0903271725
0989947390
0989242350
0985560018
0940215816
0981139717
0987476684
0981624881
0984634988
0986381536
0985365291
0985271509
0989870369
0987704414
0817005500
0984920341
0984515708
0984720466
0987235336
0947381445
0984599766
0985617762
0985620619
0913607073
0984094821
0981017428
0981880496
0988219328
0188137175
0988918270
0989301623
0986900277
0936066363
0984824699
0984642033
0989486421
0982819036
0909525595
0988355498
0983127418
0988386830
0588518766
0987472551
0983021509
0989933084
0982690193
0987305803
0932739550
0982084868
0983583546
0988617359
0986361005
0984353258
0988886966
0987121487
0989163193
0982004580
0984113308
0988611775
0982732488
0982849890
0981304613
0986609670
0985286013
0981430285
0981629202
0983772695
0982977839
0989977160
0988921607
0989232617
0975858168
0916656299
0986841365
0984800189
0981048922
0980424811
0986081164
0980895638
0989401318
0981719184
0987025372
0989681144
0982072253
0984489354
0984331035
0981478743
0989323116
0986813219
0981109810
0984640232
0985804433
0280883286
0988307103
0980644083
0984522339
0985248431
0982155492
0906718068
0287819555
0984410500
0983010809
0938296218
0984041062
0987676064
0918073201
0985172990
0987888809
0982255732
0985180886
0985392073
0985072133
0982108047
0980876959
0982630511
0985446490
0980563827
0980874585
0985983523
0988067234
0986864576
0983727660
0987246654
0985076140
0984308741
0985355076
0985798687
0982642367
0981205373
0980876387
0914217669
0980335706
0985006037
0982941243
0983687873
0189815095
0989454223
0984945509
0786364784
0982994862
0983907626
0989830186
0984044953
0987966957
0984479614
0986940077
0981563091
0689965752
0988557490
0988999036
0989976698
0989804398
0987541514
0983709710
0909934707
0985775523
0986423209
0988070855
0985189045
0989792366
0983627186
0983944440
0986929754
0972343160
0988276175
0989823318
0986673627
0984536032
0985503336
0987178240
0981098310
0988506346
0985998836
0988038988
0981704853
0988188391
0986679721
0981284958
0988082166
0986546956
0988754171
0980435379
0982135858
0980212981
0982863161
0982905807
0987874468
0988030213
0985383675
0986094360
0982697209
0988425316
0982605515
0983702704
0904603994
0988995028
0996661065
0993966788
0985314012
0988308939
0980542723
0985482857
0981616967
0985806342
0989355667
0981921848
0982184373
0988021429
0983837770
0989864017
0984022282
0967778096
0981958649
0981403215
0980157396
0987612444
0989912601
0987634088
0987992226
0987082385
0981569489
0989172790
0983201264
0986187374
0984473607
0983432207
0984349182
0988701736
0988348482
0980212573
0988952901
0988264838
0983590014
0988351309
0980760370
0988616690
0985381118
0981667720
0988791913
0980205726
0985532360
0945512776
0987336467
0980713012
0988555824
0980680529
0985173496
0989153758
0981445054
0985549731
0980541639
0985816229
0985462397
0982561724
0985846496
0986880613
0984676295
0987471304
0987733852
0987689709
0993856315
0985930295
0813796022
0289263866
0989817143
0989632257
0987278427
0986645155
0981791221
0986437163
0982960326
0983343042
0981731611
0988832782
0882080256
0984672299
0981164160
0983935437
0988285457
0932384969
0982047749
0986279829
0982481362
0989844596
0980474085
0987644991
0984941346
0288016539
0986225656
0983621635
0989316160
0989960777
0984558742
0938930519
0582995105
0989728477
0986362556
0980116737
0985264061
0988246656
0989224552
0979969948
0988066207
0985656775
0981575809
0984025279
0988243955
0989981892
0986196871
0920365229
0986625768
0984368762
0984125827
0987653896
0988163393
0980146651
0980791429
0988431533
0982516755
0982830997
0981844216
0986391044
0983553964
0982863267
0984919434
0988119598
0989765927
0984915674
0984554240
0988953811
0987245559
0985121066
0982460619
0923314040
0984637394
0982314971
0987633236
0988777143
0373600952
0987054305
0985332068
0986969201
0987327415
0986617434
0983895425
0987673241
0917173430
0989642342
0981753567
0985710107
0980369844
0989399438
0984226228
0982198715
0986547447
0987099726
0986109265
0950403085
0987969377
0989477223
0988567994
0982103556
0989817437
0988538165
0980694636
0985525636
0985762302
0983756494
0989443267
0982791070
0983610055
0980994098
0982901278
0989605903
0988479177
0987090634
0989915682
0186144011
0980150263
0985183259
0980430938
0982226216
0982037422
0983510970
0983841931
0987477589
0988204956
0983211949
0988131523
0985660712
0988720007
0985460115
0987745576
0984814150
0982212672
0988103341
0988351494
0982806068
0986888350
0985141590
0984730144
0982927746
0989602039
0980825297
0987031087
0980022416
0982435862
0985430519
0985776144
0983888892
0989183610
0289655540
0989454340
0982818459
0987862296
0982561667
0985347836
0988531978
0988235891
0980752999
0986357694
0987327586
0904974364
0922676648
0985417222
0987457669
0982659337
0986590334
0985152590
0985775606
0989342810
0989034889
0988138978
0983985331
0981703538
0981424783
0987533560
0989417529
0786057302
0986681716
0981290786
0488312197
0987848881
0908468713
0981541453
0988767274
0985936228
0988619958
0980532636
0988449878
0905278025
0981632025
0980971658
0988864045
0987413793
0984574063
0982560367
0280135139
0984804162
0983535458
0980718632
0989198969
0989180424
0980708519
0986072898
0888999163
0982521909
0987578011
0983896945
0985723892
0982937715
0985304926
0986979242
0989748135
0982267481
0985887292
0989350313
0981590728
0989087116
0384367040
0983231990
0987764903
0989408782
0986816232
0986281874
0988297136
0985896630
0988745455
0988719271
0980539000
0984815587
0981589200
0980948990
0981091668
0982923404
0983992097
0987211683
0911832966
0981932954
0988019892
0988705826
0980312716
0980227159
0988833407
0983861563
0988891716
0980519241
0903620898
0983350880
0985911645
0988255003
0986012387
0982404697
0982226874
0984173451
0980288262
0982889434
0984850578
0926576990
0987660489
0980817728
0913913352
0388643762
0984418910
0981418557
0984476674
0982326144
0986759633
0987795221
0786282149
0980470867
0983694436
0088451107
0987227571
0983515100
0989624361
0185040494
0985200008
0967217960
0985671486
0985420411
0983973630
0983442464
0981833329
0985022561
0987857953
0984183502
0989773500
0982395913
0989492529
0981594961
0987145534
0982671840
0987639194
0984737982
0681944306
0988037152
0989018139
0985963266
0984021619
0988895200
0985881969
0982873746
0986258305
0988152402
0989361143
0989490591
0981868244
0980257201
0984920986
0982993747
0986026432
0981330001
0986268409
0904447216
0988323932
0984530890
0980280915
0984856390
0983087733
0986423423
0987932476
0989894137
0987902437
0983380805
0989678083
0986356992
0989251780
0984528203
0986422379
0984995378
0988029428
0985458763
0985554082
0954977093
0983759800
0987827933
0989636923
0984163846
0986507153
0981072087
0984358597
0989672870
0985640585
0986030283
0983501575
0986750903
0986993481
0980330469
0986309397
0983871375
0986650157
0984385331
0981165057
0987840682
0988373884
0987412357
0986919633
0985800604
0984354047
0981043083
0989591577
0982411856
0985036895
0986975784
0988815098
0983908469
0985695167
0987375404
0985285323
0981723753
0988490730
0989136155
0981890625
0937697064
0987981342
0987782886
0989910785
0988121169
0983555602
0981553566
0988142767
0984126227
0987303223
0988531628
0983008267
0986387956
0984813107
0988203103
0986939575
0981400752
0985972744
0928031714
0985770577
0980829153
0377768218
0981196310
0988278517
0989464563
0982727935
0983798820
0985697879
0944241627
0985617191
0984472799
0982854464
0980792634
0985390605
0984218821
0983265494
0986686523
0989993799
0984269032
0985102324
0988051647
0985307408
0989804617
0987906706
0985232167
0778018606
0988199958
0986273400
0989462210
0982006900
0984698719
0981480372
0987405559
0981935803
0987157335
0987833655
0982179655
0983716463
0985876258
0986816634
0987046087
0911678974
0987579071
0896919705
0986357438
0988392842
0980452663
0988394197
0982096106
0989554274
0981599260
0981413408
0980463279
0983342141
0915110181
0985435545
0980215552
0987578740
0986018256
0984158633
0980882697
0989140248
0987304263
0794560686
0986682466
0937329663
0087825752
0985564888
0920605989
0980453034
0983998156
0985667078
0984584892
0986919438
0985865433
0984169797
0989055175
0959314504
0989379268
0984214775
0988592742
0981542129
0938974063
0987130810
0980726524
0984159745
0984006986
0988985279
0982127221
0987723938
0989202179
0980614176
0928159049
0987442631
0981588463
0985573673
0984498462
0989696172
0936096842
0989396578
0984937352
0987453712
0988437554
0985969648
0588376156
0984499660
0984529671
0986313351
0985707719
0984229701
0987387132
0982718165
0988432846
0987470507
0986703738
0980414613
0357421115
0984871310
0985842044
0945008080
0983968696
0984035050
0982205551
0981382113
0988499139
0934658743
0983977596
0985572319
0989594490
0988770922
0988909288
0985056425
0983851570
0981127194
0983342431
0980437375
0985472756
0985028354
0984545751
0986409483
0980498413
0987371881
0989354959
0988218310
0985575461
0986606814
0984793589
0983041297
0986893790
0906717921
0982284669
0922640622
0985578694
0981362207
0989866979
0981600696
0981009096
0769698311
0988087159
0989483865
0988991944
0984050734
0984081774
0987596143
0985582117
0989097976
0986296610
0985199736
0984341580
0988508498
0985159734
0986366981
0981579640
0988595661
0985501650
0984277970
0984338689
0983761262
0981259455
0987096139
0984387691
0989920797
0980985422
0987082997
0986262948
0986732009
0988801175
0983370825
0988656059
0988799878
0985278381
0984774957
0984809860
0989544634
0984267510
0981774541
0985531336
0988118170
0981798800
0985159111
0989930697
0984553967
0985390588
0984510774
0982110956
0984774873
0983576410
0983535853
0986729799
0987538679
0984999109
0983242725
0989959179
0987813208
0988266757
0981836319
0980480785
0983340878
0989419635
0961450280
0983263465
0987823824
0980463421
0982747000
0989769375
0987333883
0987607862
0988226788
0987425126
0982970741
0986984666
0989470169
0987203673
0983279193
0984873065
0289298643
0909029016
0987300006
0985449905
0983154073
0984716828
0989180294
0989909230
0985042776
0986764191
0985937888
0980865150
0982268805
0958112226
0980443561
0982731399
0583447991
0986751312
0989488481
0987605300
0989831277
0987328883
0983382384
0588241349
0989600778
0983106649
0984339209
0983972653
0989045328
0988377547
0987248403
0987531797
0989483912
0985851422
0986375847
0980041693
0988863266
0987082095
0984808668
0985963946
0984101013
0938987722
0986098249
0985498388
0980945814
0981561756
0988337694
0984546762
0984315554
0988130292
0985128648
0986142990
0984588346
0985453014
0980382603
0984336930
0987875260
0984533887
0982804427
0986621909
0984970176
0983365400
0987847502
0983409744
0987613090
0981777804
0984692537
0983186635
0980606433
0981625066
0984644551
0987636891
0987786937
0988871173
0985174536
0988388957
0983050408
0989190475
0982470027
0988618711
0983070197
0949098679
0389428463
0929670808
0986300263
0985404422
0986839720
0988314784
0980584595
0989238823
0985720126
0988978522
0980962356
0986540817
0985975110
0980583401
0980487591
0984012757
0989493321
0983877703
0989609611
0984311229
0986258845
0983574275
0984482287
0987617294
0983129256
0986306613
0983856846
0988283274
0569660014
0905116389
0989304354
0989134226
0982231667
0988903852
0989800774
0987226741
0376630538
0989764004
0988913358
0973747758
0986421919
0286590977
0993789452
0980554570
0988934087
0987370038
0985588949
0983287903
0980984812
0988827993
0988216652
0989304107
0980070534
0989018955
0985978387
0927210737
0988714072
0980433781
0285139983
0983473913
0983861974
0586130703
0987202990
0989760420
0981350920
0569043733
0988714991
0988930050
0986999743
0980468881
0988683747
0988814626
0981768852
0983600328
0988033100
0986570393
0980035939
0981876655
0988342680
0903357255
0981129675
0983923143
0344710869
0868113790
0986019589
0986904701
0989054091
0989015111
0989554763
0981317234
0985747727
0989685604
0927257785
0984466009
0882533620
0980614180
0966699159
0986198910
0958770758
0983982478
0983780200
0980747316
0982832835
0989799219
0980846713
0772532226
0086757416
0987670180
0988544650
0984179453
0983924420
0985647679
0989478791
0985146753
0984418793
0982427568
0987437929
0987606819
0988417815
0983015173
0914355420
0988994127
0986588777
0985072365
0986634155
0980491186
0383164363
0984824910
0983042941
0986955955
0989996798
0982256437
0989926779
0982429987
0985157758
0984403221
0985388255
0982212086
0984969059
0983848319
0988356674
0981974063
0982677828
0983269370
0984006360
0919341990
0982338548
0984872399
0987349275
0983383830
0987628387
0982762883
0983112568
0977548836
0983813344
0985902455
0886545220
0988051091
0985908011
0981355307
0980340659
0980191362
0986707889
0985974936
0986726100
0988479078
0984470729
0987684195
0985274450
0985357553
0987219068
0981778968
0981797675
0985221578
0987235238
0987080407
0983373857
0989322642
0785097420
0989971762
0987293812
0364132932
0987759435
0980501789
0983360367
0987426153
0982470867
0987758093
0982133674
0986002303
0989933746
0988509922
0981998727
0987243456
0987837152
0985414806
0984890607
0987160434
0989545312
0984473777
0985506456
0986810980
0987868759
0985260443
0986099325
0987907940
0982310036
0982106931
0989444200
0942213645
0985755253
0989789131
0984650510
0989968651
0987704064
0985701185
0984368406
0988427169
0988242840
0989836952
0989769743
0980216281
0989653880
0988938861
0982764447
0987605904
0988663206
0987573713
0987533663
0988786776
0985434588
0986550788
0986145349
0972845335
0985366377
0989020321
0985708137
0985051716
0187809810
0345166212
0987026303
0985429005
0980133004
0482658621
0989046092
0987484147
0982769879
0987903599
0984851163
0983901188
0987218846
0980365642
0982841390
0985097507
0185452609
0987469594
0987511491
0980064144
0985082293
0785273371
0980644035
0988056381
0989719877
0981217545
0989178487
0986654150
0984707742
0986803876
0988474596
0983285364
0981306907
0986267418
0983234793
0984394772
0989345393
0988258060
0981904466
0985417122
0986572778
0984358931
0985565797
0983018840
0983586049
0989645358
0989187934
0989601435
0986128405
0988881708
0983509191
0981079265
0980255018
0985296244
0988995421
0996705592
0988276122
0987773024
0987047731
0903033340
0989816352
0983319694
0981987912
0980298930
0989199261
0585078536
0989652551
0986974736
0978866581
0988875666
0985948872
0985223654
0983511408
0985710845
0778655248
0986411477
0983843949
0987313016
0984052156
0986836668
0983762206
0986310071
0983700858
0989101506
0986835918
0987562521
0987643208
0981131924
0925049510
0981159737
0985972607
0988925174
0911193372
0981013168
0989895181
0982072338
0980353801
0988319810
0989015255
0987449396
0982612104
0986774994
0984156215
0988029401
0980818672
0985503186
0983698007
0983474903
0983472676
0983873166
0980440355
0984928278
0985582772
0988353184
0980196801
0989509894
0988372237
0980665210
0938982359
0982142475
0980909631
0985695921
0989966565
0983194322
0986297003
0987353645
0981404718
0985926057
0980711147
0988189927
0983357210
0987537802
0986479604
0986137189
0980501982
0988334829
0983475142
0988377433
0983896668
0987985714
0986209856
0982937937
0980078726
0983013219
0981264277
0980632464
0981539563
0285050007
0985215607
0988986935
0482984229
0984993110
0788759719
0988808908
0901217957
0980117357
0984097440
0986760809
0988416258
0989820265
0981645151
0986031002
0985075348
0989045160
0985480104
0980975495
0987926675
0980098937
0569537582
0988350676
0981741111
0988261338
0980534881
0901550336
0989823191
0987799588
0982414927
0984611462
0989919298
0988617009
0986988382
0982573032
0987235342
0986817903
0988422533
0987069068
0980501667
0987377055
0989049675
0987727603
0989413341
0982506756
0984496573
0980234090
0980969476
0984940514
0985586459
0986701184
0984178969
0983859099
0986587635
0987857045
0980160343
0983604423
0988085358
0982453668
0980433076
0983015923
0985045613
0986284608
0985125295
0987418186
0982075090
0984576072
0983530799
0989536981
0980306719
0984632558
0987020757
0989756218
0989097102
0981517097
0989173832
0989202610
0986344426
0981011103
0988417195
0982365959
0988980017
0983982676
0986915250
0997300200
0988508866
0983878418
0983098407
0989277321
0986869335
0987598111
0988870639
0987962993
0988591586
0989801322
0989655428
0985288337
0986028890
0986730252
0981803266
0982716457
0981003272
0983769583
0984674667
0982750021
0983741808
0985221117
0285484418
0980765640
0087950957
0981417594
0995019479
0987318325
0986201781
0566716089
0985888293
0988577024
0985354081
0984041865
0983880339
0988922724
0988950797
0990343183
0982323010
0981018829
0983377429
0989121837
0982296723
0983458861
0981664885
0986591659
0987946122
0989510146
0988088867
0982430928
0988585914
0984757199
0988899913
0984650345
0980859330
0984223779
0989832993
0983491746
0989889440
0981059402
0989815588
0985052436
0983277648
0984605098
0984444586
0989667288
0985646806
0986136514
0986791432
0989342124
0987381920
0983431228
0981279824
0984901053
0982962476
0984178358
0986327181
0987916434
0985145118
0987306839
0986809487
0189986724
0980521122
0987543404
0980806807
0988587229
0987268245
0982503490
0988321012
0988539811
0989598297
0980020243
0989310344
0985696884
0984830186
0983449542
0983183824
0988924513
0984104091
0988159103
0989138361
0986344242
0980561225
0985518248
0383575354
0985816379
0984705778
0988258154
0984932731
0986934045
0903935142
0987049691
0986116174
0986701014
0985025518
0984803804
0980151669
0988177101
0988461624
0980150301
0987136425
0984008206
0983764585
0980903598
0987841091
0989716936
0981397633
0988556159
0980734558
0086826816
0309640090
0983508217
0982384877
0982592732
0987174008
0988105340
0987293496
0983505903
0980752948
0981466952
0980654931
0984765987
0966452202
0995980932
0783073619
0987071126
0983784206
0985489018
0988050629
0683436638
0986854687
0985239079
0984880334
0945390277
0982440505
0986957591
0947338379
0987166383
0984151474
0986767940
0984145195
0981644052
0984089175
0986364872
0985114047
0987957701
0986816506
0989685119
0988998154
0985564482
0981366677
0983963665
0985219340
0988946265
0981226050
0980890467
0988993944
0986439195
0977380016
0986965779
0988301800
0982381402
0982298052
0980548439
0982259066
0984958696
0980667870
0989886180
0981688701
0980913102
0988893111
0987629617
0984921494
0981827898
0989229523
0981359844
0987015510
0792883739
0985448289
0986372839
0967437890
0983470596
0982053004
0984342301
0983933949
0983815804
0988918591
0906127780
0989318966
0983802233
0982492251
0089993719
0984083582
0781439330
0982193715
0986532391
0984985362
0983440720
0988330429
0982730007
0981174184
0997104526
0989401709
0922659200
0982747398
0987852833
0987614561
0980140304
0985028193
0984796393
0988185433
0989152379
0986804286
0988199449
0985750906
0989264868
0984544767
0989623602
0984711858
0980338764
0983989941
0981256520
0989675771
0986396267
0982630203
0986645812
0981805977
0989424862
0988853899
0984840891
0980522304
0915164651
0984641775
0785443548
0989898772
0985473402
0986509256
0987262704
0988714421
0980858171
0983630352
0989863104
0980063936
0980638082
0988364619
0988521387
0986193064
0985329512
0986737016
0983063488
0989383303
0987700993
0988664453
0982975028
0985029106
0986743018
0280983146
0983593083
0982933328
0986890168
0082794644
0984162295
0984293562
0905752163
0980858411
0984638865
0987442565
0966098514
0919515953
0984885633
0982000406
0984410528
0985878150
0985365719
0981581574
0989129346
0988432806
0981486196
0980510401
0984518859
0985652338
0982041141
0987550669
0983129400
0984244031
0788345854
0983165639
0981720004
0985547532
0980742462
0988878725
0980418137
0986104967
0989608561
0982741824
0984102585
0985076785
0327773536
0984470080
0987328395
0983507640
0983209929
0984939929
0989264026
0980786527
0989243980
0984980340
0984487992
0985537250
0987471266
0999265097
0985634142
0334278689
0980951045
0988899226
0987936814
0983087788
0982823996
0988371061
0988424273
0987697611
0762858471
0980832428
0983601089
0984546652
0987551189
0983077197
0938197131
0983287965
0988490332
0986455228
0985474497
0903345195
0986692434
0989522901
0987328862
0985910160
0986781291
0989307424
0987182099
0988794738
0982894466
0373013020
0981884781
0983558366
0985045604
0989243787
0981441689
0986604916
0983978766
0988425382
0989946322
0983783493
0989153583
0983555766
0982684992
0982486256
0987918049
0985777689
0986053741
0987175062
0983782752
0981370568
0985343482
0980341342
0984055072
0081888306
0987488258
0988088446
0980968442
0983036232
0982048977
0902503909
0988333467
0887486615
0982969663
0985911519
0989229347
0987477349
0984429891
0983840528
0787198246
0985718949
0985007818
0988285862
0983980033
0987950995
0981272140
0933065875
0988763421
0988388767
0985668493
0981811786
0986651078
0980736482
0909079146
0986169368
0983797412
0985239376
0489460535
0387579841
0985368728
0986816135
0985768002
0867097620
0983442068
0988752991
0983427815
0988587158
0838796836
0989300137
0983709699
0989439159
0987517686
0988482900
0982877762
0988455794
0986012867
0988231630
0989566219
0986096719
0985356403
0985467746
0989551704
0980426566
0986597032
0884298434
0989347976
0987134863
0980819887
0987317807
0983902857
0782239558
0986027569
0984296919
0985437472
0284611556
0986572841
0931753075
0984088652
0981948701
0980306441
0989603055
0988066872
0925846262
0984948335
0982382782
0983744628
0987271728
0980188506
0984500867
0937814340
0986880194
0987595202
0985863637
0985456425
0983111800
0984204554
0988696462
0799891053
0983663130
0988092698
0984350829
0909136803
0988389884
0981922282
0987671896
0988022468
0983208911
0980487365
0989761687
0989562589
0987019630
0986121138
0961326679
0987529169
0987907702
0988408416
0987716977
0988458460
0988185921
0983848024
0983675822
0989512926
0988143912
0987929888
0986712361
0982714121
0981846315
0989993166
0984581479
0982533087
0987606122
0986409102
0983989483
0987257596
0985175723
0984749840
0989707958
0984242165
0983570803
0986438436
0986118140
0286134367
0988740029
0981304730
0984750411
0981089220
0980864163
0986606641
0982582008
0988128699
0938908586
0982258261
0393706639
0987144759
0987489148
0986465918
0985130730
0989669292
0910697932
0988479457
0987094371
0984719315
0981460153
0983868652
0983583214
0988968430
0989555012
0986982426
0985170760
0984759833
0983517802
0985835298
0980162898
0987077665
0984040065
0987787966
0986939372
0926446787
0985081352
0981972965
0988806595
0987374381
0985599385
0987229622
0981290397
0980527290
0986015677
0988286443
0982678148
0989715960
0980473935
0988917292
0984745024
0984012513
0987301486
0989136477
0988402135
0988605233
0983797436
0983958856
0980034177
0987091381
0983971647
0982513751
0789196388
0982992220
0985888835
0983574978
0981525989
0904238281
0988782078
0987400893
0986747970
0980499374
0980783506
0985013524
0981615378
0984595810
0985239007
0986346603
0983763287
0986179507
0985812953
0984140757
0988143351
0983087202
0982405836
0984624246
0988587908
0983631082
0982495379
0986374576
0988354319
0985669578
0980128668
0986145470
0988038485
0989901752
0987165555
0981234342
0980354661
0985208827
0987640495
0987440401
0908122551
0986520193
0569540668
0980618996
0981805855
0983691128
0983870709
0687355243
0984381433
0388147481
0989387844
0987637260
0980107047
0989990822
0981105142
0982177154
0908168093
0988513382
0986731291
0985462103
0982031313
0980662542
0983953979
0980999256
0981262788
0982159772
0684091234
0982173140
0984714406
0980897618
0988566250
0987114450
0987056332
0983299628
0983781535
0989213770
0987770927
0985094163
0989347520
0984070389
0981193274
0985061482
0987010671
0986370078
0980109828
0983925696
0980118588
0988068745
0985357346
0980347611
0987173773
0980926291
0989395678
0987278336
0773420245
0927715630
0980458919
0983079941
0983567353
0986755313
0984928369
0978367979
0989934250
0986442874
0983111871
0986283431
0083011168
0988230254
0981013334
0982352191
0987246913
0982333258
0988250060
0984501949
0768587635
0988028055
0981771028
0981644218
0982640133
0989928140
0980033680
0980448080
0883944435
0989663113
0988877118
0985011488
0989693117
0982869041
0983328116
0989395917
0985197708
0983621798
0989108982
0987561573
0983753555
0982541532
0988865364
0984706781
0986668195
0977003434
0983734644
0989391930
0980403828
0986451265
0985596267
0982475033
0989842474
0988390690
0987021984
0982144443
0980832235
0982415807
0983445240
0986243815
0953941812
0987175328
0986441996
0982934682
0982418685
0985716133
0988467153
0981849463
0986027904
0987595369
0985754781
0986523848
0986898743
0923961010
0986888271
0981929337
0980185691
0989819671
0984677642
0981804996
0983473205
0988120198
0982245839
0988785463
0983191123
0989196409
0988625956
0987689840
0989258385
0986668608
0985457891
0981415370
0987132875
0983901545
0983855623
0989785188
0987191353
0985201181
0983887922
0983956954
0980756159
0985887283
0982736438
0998930553
0984467984
0983621591
0985575170
0987608152
0987661274
0980904886
0982500329
0987469323
0986410041
0987855030
0980227326
0986495656
0928253002
0986897535
0988750583
0981467928
0989788875
0982833958
0989936147
0980607448
0280962320
0982641242
0980199543
0989433524
0985382471
0989701229
0983666777
0588671417
0918759621
0988203097
0989471854
0986684517
0986266749
0980950448
0989339654
0988003121
0987649215
0539069820
0903949351
0986301065
0988538720
0984592892
0989991122
0987164394
0982837151
0988010619
0988764674
0975634518
0986874090
0985031729
0589999547
0985005183
0989159992
0986394135
0984546706
0987164201
0988142360
0983365888
0985226405
0889423546
0345364540
0980055069
0988847380
0983249482
0989823260
0985011941
0982149084
0983321083
0988209844
0989810920
0989802548
0985398277
0989893285
0985358521
0989013705
0986423324
0985089565
0984845222
0989546843
0988232240
0987379143
0987828843
0989807159
