0345924219
0766960263
0365383908
0909669637
0942605801
0329897500
0937557077
0961227392
0327885992
0916238146
0869733516
0868745770
0972797743
0559358481
0938323966
0865055615
0938894636
0935210244
0972859341
0971055907
0968959278
0823622294
0972868073
0378794903
0366836101
0366233026
0367151711
0583361327
0326026626
0931932095
0903371752
0909456752
0367320526
0937642385
0869191672
0368071164
0794767798
0988017738
0903147024
0933899011
0772395805
0566951258
0984710922
0909276457
0937773461
0906962655
0776110883
0774078852
0774078802
0562853788
0562853466
0396970152
0562853479
0562853288
0564282768
0562853279
0564282788
0794142767
0986832237
0849335411
0938112479
0918679227
0942411652
0935158716
0933830629
0935166086
0523599001
0938974063
0935972182
0909328548
0783822826
0392026368
0923867196
0908199967
0924958559
0325280827
0989635580
0973333878
0903854424
0904562465
0903760040
0974220539
0367671495
0942318423
0903653681
0909401450
0379431223
0899428418
0934867473
0934667473
0904447216
0936796151
0565093319
0366939559
0933909053
0904028804
0868680174
0934658743
0936938752
0936378741
0908653044
0931970520
0934964103
0934831536
0934381536
0936913047
0902258102
0936605053
0936672417
0902003643
0931568417
0934803281
0961491319
0934249430
0934435376
0934237894
0931721031
0936024170
0902059958
0933342467
0931015634
0904710438
0904623512
0931386260
0936483341
0934569723
0902297537
0936589360
0904177164
0931297195
0936705477
0904279054
0903497634
0931970680
0906596028
0936914431
0901753714
0901750930
0936587350
0904617694
0904958498
0934272540
0936279026
0904649547
0936297882
0906676983
0373824875
0336410981
0903377347
0908031085
0908695403
0961274987
0382168774
0934508018
0349688377
0936017702
0934647342
0934459235
0935809216
0908010479
0359593887
0869654544
0902274134
0903287146
0936398215
0906254564
0902962833
0936025318
0904506034
0936374660
0904646150
0934681093
0904460877
0972936364
0952898047
0903150803
0582144693
0933824207
0988649424
0362957452
0834651159
0342912805
0906830438
0919534970
0333331791
0908950836
0337521447
0365387763
0907695015
0396298162
0923644963
0382129543
0362577292
0782961937
0869646160
0586597364
0879021140
0933439155
0865241867
0367511125
0349952727
0901469773
0792121226
0964091192
0933690960
0356201372
0932171890
0974612056
0349498289
0367138246
0933316816
0939398748
0368494739
0909508016
0906661286
0913718811
0933130783
0708393649
0408393649
0903357255
0363355050
0906759010
0908237869
0908211447
0899470187
0903533931
0918986220
0775802441
0902349297
0777144883
0966249965
0918073201
0936271425
0902316198
0909423399
0907202449
0907577789
0363456710
0936110363
0989989298
0938265385
0986781511
0937783472
0523686868
0908664435
0913779616
0987555675
0898400283
0343286540
0585256544
0707962752
0377522773
0903256184
0765792189
0989808793
0903018488
0388420224
0944295411
0333478879
0353938570
0379421724
0399204143
0366017917
0962706857
0364139491
0941876774
0968722856
0328985123
0977011881
0909977292
0937173763
0706202693
0908350355
0906023712
0383531902
0917187687
0773420845
0907491616
0792159211
0832572062
0906269607
0903848822
0963188104
0904747067
0934850197
0909680777
0906263068
0708373715
0794646981
0763112721
0777180817
0919651045
0866713391
0989058072
0904529075
0931148405
0936809087
0904081397
0936090435
0902588103
0936560244
0931962890
0904968265
0936931356
0904747629
0938708354
0986459457
0388579575
0909439064
0907807708
0908445446
0919107713
0356596338
0707363349
0975168687
0939943250
0903934323
0903930639
0918208685
0374335108
0909446467
0773219199
0902902925
0908448497
0948370905
0819452281
0902371898
0929472582
0903624808
0907576805
0913605068
0839197407
0908782130
0902723788
0908538226
0901472881
0909712404
0383383387
0969989186
0902484278
0914943955
0778707944
0981676075
0399992220
0398863473
0903719997
0909541562
0946132488
0933924888
0917998698
0705613218
0918334059
0912893976
0937893152
0896614895
0938912059
0919505234
0988747812
0787810630
0937350197
0932012221
0867339157
0867359157
0913132124
0834555500
0903975595
0825522314
0399957993
0784526050
0933082990
0938635916
0388056116
0773953156
0795341688
0932008680
0358420224
0903554652
0965508133
0838851112
0931450904
0989863391
0363491459
0908187181
0388322764
0917416009
0903329059
0909646604
0901261920
0961248068
0983939849
0933236572
0903182307
0938884273
0901795698
0707067745
0908233188
0908025454
0356928971
0899044143
0933830469
0395440745
0347353368
0819900928
0903107428
0919385572
0928323850
0932620422
0902276034
0907567789
0939568844
0938984017
0903107420
0772722258
0914937457
0338269818
0909258612
0937357656
0936842074
0889267567
0903700979
0908254558
0979053609
0349873257
0903046967
0961788750
0909786712
0908811696
0909029152
0964654983
0768112959
0902721950
0938043494
0902193230
0906880075
0914477250
0936384818
0382069763
0905281540
0904731098
0938009772
0938351649
0908660764
0909924318
0976533702
0918877027
0932783826
0904060672
0936135331
0903008709
0909008709
0946222248
0985154419
0918344494
0353796765
0903985361
0988955290
0919794775
0916471149
0933668178
0906855700
0938275727
0933228206
0787545155
0772691160
0908142171
0937340488
0908826663
0908917752
0896621601
0972337063
0912381146
0987187457
0908921304
0368610287
0938244429
0907689498
0903008477
0909937448
0854821181
0974847846
0964873638
0906295870
0358908725
0559230917
0778741989
0903029611
0909974559
0773235660
0778840481
0915697118
0973360107
0906767975
0355528442
0906840476
0909785013
0903044218
0905544634
0908395775
0934056993
0902323621
0937284381
0796701948
0899447986
0909368634
0706620771
0923674972
0974775419
0898087662
0934199389
0812261939
0763222912
0947659193
0559820490
0343522142
0399273631
0334332224
0327882492
0395981677
0798045591
0794587249
0793368868
0989969593
0969515283
0879187736
0812607481
0909699792
0918786920
0778991361
0976921523
0974540602
0782886957
0938686722
0988580915
0773192215
0906604270
0901644380
0909170532
0387208731
0931329154
0961226419
0789877852
0797717071
0973094603
0979229727
0981893932
0942719339
0907996693
0934120985
0816560510
0776131336
0938492492
0909797922
0909276990
0906706162
0974537942
0866485958
0827372023
0921179979
0833332848
0933528738
0792362207
0768700572
0908323966
0908341230
0357112069
0907520168
0913935338
0907813334
0963775141
0902790348
0988674511
0988999897
0937971112
0908838169
0932013340
0903966475
0707484557
0388608707
0395436553
0833011204
0908229139
0898919235
0776757787
0898892993
0914325545
0932063063
0896454330
0908865069
0919172775
0906888337
0886708017
0931323966
0938693793
0343000268
0933511489
0942596946
0784152733
0785313058
0903020888
0906899888
0905859246
0902627596
0938172376
0778199989
0792091202
0902908002
0938740621
0765650665
0936479464
0778977635
0938532911
0766335609
0933031045
0928717190
0328845399
0902977266
0932680677
0907667987
0903815124
0708660620
0901367333
0394810940
0798480110
0773955276
0931432635
0938972182
0776930188
0936207169
0973498404
0356860254
0948878866
0353366661
0899450889
0934363076
0932483651
0904313985
0934556401
0934853733
0934695071
0936445126
0931483560
0936143548
0904085038
0906255157
0936197496
0936110724
0934686594
0906127780
0934759261
0931112825
0902278605
0936959976
0903224596
0904637262
0936052832
0937497610
0906101743
0904434038
0938362321
0936228214
0913132193
0787922071
0938420455
0969102035
0938815646
0913982651
0973556113
0937014129
0937485095
0933712244
0986479997
0973762114
0937323461
0908606106
0903882987
0938924427
0962994798
0344556601
0907778870
0913308948
0902175914
0908951877
0916344379
0987719770
0974515086
0382353374
0931839396
0703883056
0798271958
0908553950
0989054548
0983272444
0384855757
0909204547
0911859244
0908889326
0918255341
0932797579
0988896899
0795865795
0773853342
0911864514
0923976722
0903310686
0938633441
0911864519
0937602991
0911015222
0968883208
0909474960
0907066168
0822115957
0931434019
0703059834
0907934620
0394525866
0913160229
0888612079
0918407866
0975056558
0934745720
0363836653
0838579461
0908701937
0919908729
0901755583
0989282964
0907868246
0785511357
0902562415
0938310778
0936165201
0983555587
0706093308
0933633418
0903579389
0332819545
0908529324
0767546486
0903830083
0941178973
0908423250
0961593701
0798903081
0976721156
0773823036
0908531222
0333426629
0903611783
0562319083
0936041175
0708298804
0932616335
0916030915
0364288091
0934922188
0968675155
0364563922
0913709966
0356953027
0938456438
0919158282
0965166135
0906681052
0909650288
0908766210
0337717625
0983630409
0908187002
0908794948
0898878331
0907508270
0902555292
0913156666
0793589746
0934102482
0987129745
0935778350
0812672592
0975097865
0908313881
0913928816
0349344818
0907387317
0903606554
0934108652
0906302461
0916047887
0369673547
0919719847
0569660014
0913818793
0359085480
0569693695
0982922928
0379953003
0362942606
0346914210
0383573708
0925128303
0908054579
0569974819
0569916337
0797712660
0356764355
0902361373
0362665062
0379845864
0963858112
0347710183
0394662610
0773151508
0387335076
0348718156
0325108893
0345762229
0932189994
0569738898
0925142093
0569945461
0569689580
0569697334
0569733293
0369173613
0925128213
0376076069
0392302569
0888377041
0372625130
0385522196
0569896723
0569975430
0937250495
0937541502
0798250140
0374228916
0814665994
0907363545
0932682141
0369547616
0909961704
0905419114
0908603072
0909695995
0941824466
0782222183
0966860475
0906724604
0937863504
0935362318
0935086465
0329955777
0334561197
0906086845
0916796335
0919042683
0923663357
0937433651
0903255892
0983752575
0978368855
0798970874
0985875667
0933997270
0387034925
0702556789
0854830201
0931694831
0936786381
0907286179
0948586366
0933820889
0902559212
0908788785
0939505152
0907809191
0979323632
0967944465
0987476066
0967661615
0908838797
0938505474
0565977109
0569540663
0908840285
0569201170
0564636909
0569537746
0569201312
0345144221
0569404366
0925642338
0569538117
0772697464
0933730087
0902419144
0918496057
0937826689
0909970286
0903381841
0909230866
0941787070
0913770197
0962772323
0908876194
0938192924
0932041612
0909404116
0946039463
0812754070
0814997186
0817810712
0911619295
0815308052
0948649957
0819552716
0845664757
0705550279
0335561065
0903373792
0908690306
0913123786
0937584262
0767090521
0907743891
0976852456
0903326328
0908594967
0778759205
0938187176
0767305346
0398886947
0931157385
0792901290
0842251044
0938152216
0919963303
0918000253
0356146255
0901319515
0903736504
0915703319
0909543986
0907181970
0904537777
0989110553
0908496737
0908704497
0918887796
0785179378
0932757650
0328691657
0919383442
0908509979
0908238939
0933977697
0766544748
0918622499
0938079207
0909259712
0909553430
0909686583
0345330435
0965167966
0353699605
0399227817
0347812851
0389547949
0906741373
0366665200
0913909339
0918169374
0909934707
0933718393
0908211258
0909265109
0979934004
0901276565
0934514042
0906825344
0789923878
0937074057
0987823534
0792883739
0983576597
0937888334
0977269509
0707731190
0834590909
0937266015
0906100707
0906644586
0938194260
0983909884
0772656535
0828180563
0938716656
0706868660
0706912769
0908324028
0909182932
0907404299
0902326778
0903760075
0769789726
0908972168
0776151794
0769670984
0707585848
0983976138
0901374697
0777991448
0335409044
0908123649
0903766280
0903311488
0903648156
0934283098
0916681651
0938360729
0903884527
0779736778
0903068797
0919170813
0767213928
0767997808
0886265413
0907668699
0913872789
0908007535
0908136320
0907592233
0969183570
0933221858
0364078741
0785033171
0784722948
0905353735
0918373103
0938908586
0902694434
0918767677
0968367075
0349312883
0907404929
0925324707
0327065593
0569898003
0334968751
0394867317
0867153038
0364246791
0337047392
0869023759
0386892371
0345161540
0336783022
0362832108
0866701721
0347721820
0334526302
0377997861
0385253926
0389708915
0368289994
0348744053
0938555755
0705671818
0583068895
0383198530
0815739235
0937724996
0902321868
0586299865
0779474131
0908768326
0902983345
0903668872
0909970910
0909079146
0888747779
0902537884
0777736677
0778089693
0918881001
0797504541
0903706736
0903364738
0909357317
0708975363
0798448323
0903330752
0354248071
0903749408
0913608028
0983693533
0966030106
0935635675
0913977357
0931431453
0903823063
0986674511
0904175420
0937328100
0919097899
0945883899
0909105105
0909774049
0773912037
0937642059
0919691700
0835590958
0798820404
0782113583
0985489837
0938589299
0941730942
0819061532
0888924173
0868246744
0986360774
0934310147
0396646780
0963207777
0327257785
0772020000
0398122996
0986005577
0838435809
0979857867
0326559971
0908898967
0903454438
0913911529
0902613548
0903072121
0935222936
0909296163
0984410686
0916706252
0904741400
0909373989
0902969120
0349312428
0909939257
0902884004
0775116232
0354446679
0941141519
0767349001
0919594499
0919134569
0975958889
0903872668
0902892748
0829921535
0937450602
0902975982
0913901368
0909392317
0917017136
0708688197
0382206130
0907026854
0795868765
0703922047
0799153950
0974869500
0938181966
0976201467
0829556663
0946969540
0328486245
0399909041
0369119422
0825471242
0383676903
0943977844
0706521456
0935793055
0326512349
0387986467
0966387042
0942668909
0792128691
0869939271
0937110902
0763959630
0961837258
0567769141
0868099001
0769570780
0877377480
0704740095
0902612596
0857897910
0931261599
0794137958
0862061024
0362893349
0908821665
0913914511
0918046364
0909794448
0918459013
0708838881
0867760030
0359438734
0909714327
0354006867
0384686217
0366676949
0559715185
0363791512
0862774083
0908372896
0376824570
0336206379
0358489705
0383209861
0772077954
0982654786
0346000477
0775159822
0936833004
0702640299
0902749185
0908805287
0784146392
0797760443
0763840013
0908845810
0933751946
0769752815
0783579804
0784983948
0764627703
0764675453
0792418891
0908108823
0785480475
0784392771
0764523251
0784249102
0705701361
0705642257
0784588412
0767106371
0764820721
0784738414
0792022372
0786103374
0797179005
0792950562
0764816074
0785353009
0786028051
0786645498
0784256887
0707489391
0355579538
0931818698
0394724486
0906344232
0333888245
0931810861
0786793875
0903403441
0902359788
0918323584
0908628427
0903371972
0775966966
0903846929
0812333368
0906743376
0937329663
0877630799
0384989068
0906310316
0938764161
0919605444
0934279636
0903101459
0903734039
0933383593
0792309504
0773773373
0913147889
0909902270
0352624444
0938686833
0344494782
0918113140
0937551787
0383742700
0906363425
0983039999
0906366494
0925032068
0902543289
0933229466
0908245084
0327773536
0982231373
0903107792
0926131415
0907114373
0933626620
0908668669
0387909603
0778676763
0776108960
0919994339
0966669433
0909975661
0918042889
0707765320
0385817948
0984710821
0344710869
0933811315
0828280029
0984122356
0968531937
0852435659
0794893083
0388771868
0918523774
0776922573
0903090222
0963218998
0938689726
0934057816
0906698322
0908886655
0903141823
0964270017
0914195919
0907241195
0938971366
0906799842
0909044111
0703322406
0559500957
0912179261
0373659568
0584639331
0388766084
0764117737
0376797421
0764362100
0866842980
0563778875
0937716802
0935762755
0899391623
0784419232
0812313843
0899977149
0934501180
0985151069
0988059948
0907573066
0986207750
0903834994
0773652686
0838665849
0367773937
0898377979
0898988199
0903700385
0969685262
0913606939
0944168618
0918149494
0332708273
0889531809
0385585549
0948538165
0973946204
0379345416
0333313032
0978412643
0379304437
0862431912
0369644362
0378005289
0348634755
0345421623
0346309756
0336653204
0348191258
0325628652
0969500601
0989161077
0975727897
0382221783
0934077110
0902913465
0903217336
0937724959
0783746315
0931744154
0985056180
0706671960
0764925020
0915116768
0949321378
0933035769
0986861522
0938050184
0968008209
0325719611
0939909787
0785273585
0785273460
0767386475
0785273459
0785273509
0776690867
0937127556
0901665173
0785324806
0797125817
0785273264
0785278164
0783296735
0763577823
0785273622
0785273193
0785273190
0785278173
0798366215
0763217018
0764936018
0329773361
0703054718
0908258686
0906631293
0947763250
0906242078
0325922589
0775609892
0907994272
0903442771
0364901235
0977929421
0908498878
0903630632
0907991608
0919795789
0937100277
0906650562
0937179767
0913637985
0932096000
0938389946
0902337646
0907387714
0938501982
0964383528
0901380018
0903708821
0903466553
0777738123
0932124238
0934121736
0903008305
0906928185
0902942186
0936152147
0908071594
0986375151
0908652086
0906376163
0906295036
0968681310
0984711516
0907191981
0903871248
0961322437
0395988199
0358042328
0908558490
0913991100
0909973395
0933390471
0828261729
0918604101
0902011623
0987482958
0918148803
0932081520
0988855828
0914103333
0345949238
0932457566
0939026705
0981333348
0907856886
0369487882
0903379169
0933772466
0918680385
0352942602
0867898809
0978686263
0909655433
0903609346
0778432878
0903301515
0905677562
0854504402
0909762796
0589025090
0343298040
0792297873
0937669050
0908013512
0907118110
0775104121
0773375299
0869459056
0793203410
0834548810
0989377984
0912623436
0904609287
0896699217
0903940289
0387095494
0332648666
0866189455
0903067020
0913230939
0909882896
0908402147
0903991844
0787683339
0902621922
0359129715
0907745880
0902932269
0903391540
0913421163
0865930300
0913506776
0962515349
0343072696
0374541146
0352452431
0907455655
0866132650
0388099873
0365454589
0796298878
0375977675
0902321145
0918000136
0906677228
0938438380
0907668236
0908032980
0913728421
0764850832
0828761865
0773845672
0974555680
0963888808
0974753481
0933043765
0906358924
0344543772
0933742866
0919003460
0931149904
0909911578
0903395593
0915518401
0823145239
0908708876
0905577924
0961186130
0775750603
0785272075
0785401561
0785278259
0784526691
0767237018
0785273376
0792979518
0764657018
0784939946
0786744308
0785273371
0764663015
0785272065
0785273370
0797936213
0784573634
0799891053
0786271890
0787929460
0785249316
0786010742
0784318150
0785426293
0765734016
0792870731
0798918675
0765649018
0797247425
0763501013
0764920015
0792530143
0792860817
0786419849
0798471045
0764735018
0906651985
0785509862
0783447026
0772153688
0763749018
0794771672
0786757760
0785273543
0784487616
0793499146
0799893208
0775427018
0774137015
0774714015
0764947018
0708493015
0773824015
0784557023
0702040017
0799735314
0785273382
0783403252
0364814909
0792812656
0765846018
0789231751
0933999184
0784938864
0783206245
0785277085
0773738015
0908648868
0937703773
0916582304
0939863653
0378219140
0908118287
0939094241
0939083201
0934517452
0898136725
0908079037
0707866337
0901069691
0795661803
0903739034
0764687399
0913636318
0919839879
0962629562
0936656139
0939208239
0903617605
0386772411
0909921874
0923192844
0972127918
0938224351
0776949058
0902758618
0903036665
0919252703
0877002441
0909517066
0908233228
0772618448
0909559882
0766960187
0564542198
0909982938
0362281588
0937357557
0983357352
0902676090
0937190028
0906500407
0903767967
0919966277
0394135920
0941576303
0988510949
0902823631
0913157861
0338277046
0933317974
0344599832
0388476752
0364077785
0394964387
0357609981
0334148970
0367624689
0904231079
0867297754
0363431758
0962505621
0338548260
0903078967
0908171970
0569903106
0569926652
0866216041
0569447045
0773550360
0569974786
0908449164
0909511309
0908866130
0979994248
0902789325
0898889860
0989709506
0819802180
0707964950
0909328118
0906477764
0903985970
0907713536
0397307353
0938335367
0979987734
0903083364
0902880169
0778228090
0916796677
0764693432
0942521287
0523784483
0979776933
0838837345
0777481910
0904984364
0934501610
0909785792
0907882351
0974119222
0908292516
0938314024
0938676881
0972809844
0964516363
0978546765
0909460976
0775933886
0913803985
0909894871
0936721723
0906521538
0902435174
0982077522
0936066363
0773665384
0902151015
0782022347
0909592009
0346003079
0906881819
0908195249
0985889926
0972637467
0385768759
0938090534
0762206302
0918082655
0936655418
0929113168
0909632953
0901428848
0913979300
0967981547
0372243088
0937814340
0708825676
0866463472
0936766139
0973174625
0933692266
0988363174
0918486006
0868714609
0896582757
0914921561
0909707436
0903850413
0974853750
0377443664
0949335982
0332059154
0913777283
0797457481
0964373778
0798475272
0979388839
0353335596
0559735202
0975283718
0933829988
0785268061
0905247401
0798474305
0931619841
0798301416
0784628649
0904515284
0764587473
0764733017
0775534016
0784910543
0784979521
0783397850
0785278301
0785277082
0776198015
0765253017
0764926018
0765133017
0931625037
0931619411
0931615523
0935708034
0931624437
0901756424
0902179641
0931626371
0785760942
0908315356
0903437751
0785242764
0934451911
0906017515
0931623744
0931620842
0905045491
0784310598
0902218441
0785273187
0778713015
0936412045
0968666689
0888969678
0984338102
0915866682
0908657957
0909436575
0902440018
0939510586
0832312953
0914711867
0909105073
0989509150
0906017057
0934578847
0903364475
0963549325
0938556542
0907880703
0937670331
0909940403
0559506040
0931244266
0783652798
0986555647
0868667989
0977727277
0943074060
0792111123
0837797789
0919224480
0769000976
0987269487
0933150138
0948176478
0983444332
0908141116
0983228922
0938372206
0937913812
0968265877
0901485613
0886049532
0908301067
0777932951
0903818175
0983738138
0913979442
0909880315
0389383941
0938666786
0387870027
0909153943
0775038563
0918335258
0933622573
0366076966
0385702691
0398768490
0907764964
0902310238
0783572592
0896236435
0938280463
0933732164
0902608369
0939343628
0909440592
0908876112
0903347796
0908202401
0909896560
0908851155
0934148609
0938972786
0932094443
0902572369
0356147553
0965655309
0334123732
0777696132
0903177093
0376196584
0797991999
0966224141
0907168493
0976613545
0938139482
0908315738
0933957884
0777046856
0938583488
0899355838
0933980366
0901399876
0704611726
0906060715
0379392224
0908519195
0867172324
0938281231
0962735749
0337650886
0865884476
0879890909
0909550998
0334752616
0334142540
0327511549
0389443290
0559945202
0933132838
0905558778
0336678968
0903948988
0707981140
0328648441
0909779047
0784688553
0933198778
0988517719
0904563163
0902394311
0903613707
0965819956
0989043697
0903006008
0923113333
0566105677
0938357756
0799721186
0902507283
0983975973
0912218066
0357698587
0777619578
0908091235
0776111278
0902878500
0909021013
0907439226
0988044326
0337086264
0933193197
0869255549
0908424696
0338800653
0927737854
0342230151
0903305589
0775038461
0917874840
0798114474
0932092496
0907161387
0795038393
0908318998
0377816855
0934015774
0902305161
0355508852
0906284105
0862292147
0839094694
0912757778
0907527159
0353491546
0345924249
0946355341
0974911083
0907727479
0988997878
0901330968
0903021804
0909832098
0933557467
0931868145
0945443637
0968711689
0908369370
0935721977
0347033353
0903964786
0903553254
0985369611
0792768877
0799911481
0345411861
0908076007
0945336712
0933310999
0903862073
0902341077
0908559989
0777072810
0982219939
0984960796
0902003351
0903924702
0938733959
0857838179
0909648173
0582790327
0948818981
0909380469
0799919116
0947868277
0925315317
0938077856
0903945004
0979998898
0904558115
0932112114
0902357581
0783261333
0906811038
0907874494
0907302691
0907535069
0982959510
0918245440
0896401038
0918441882
0903781785
0907102235
0974059912
0918426980
0708736138
0903120279
0906227939
0938140328
0933991801
0335845585
0906231919
0937020993
0936323649
0984925431
0945005447
0908848336
0773222228
0372878405
0974610361
0934560228
0917170786
0969849399
0903743494
0933798666
0938125830
0788870115
0362964589
0853851109
0903722358
0936095253
0908060998
0528477892
0845005983
0931551923
0963661396
0911251884
0357153481
0905026893
0859196134
0982738308
0879662631
0867504371
0906352062
0965803506
0826997237
0941102697
0337458063
0787817108
0975898687
0785653361
0868480042
0899995103
0905038179
0932647325
0392525120
0348665639
0366376271
0788932148
0906987977
0868346968
0785872980
0853985987
0367056517
0909138151
0932673454
0909972063
0333375560
0903949351
0764315686
0937910568
0938837841
0902688698
0398168168
0908246360
0909306168
0886694401
0352003070
0919797219
0907248944
0923232388
0904629932
0906257939
0797514010
0908390559
0903737067
0938623893
0906792678
0909821768
0908403397
0989331731
0907026816
0563836977
0903657374
0772091467
0963622259
0868080301
0937020237
0918324630
0834069862
0764878561
0935355693
0778324773
0987699982
0777779164
0704958974
0916301249
0908742448
0938026988
0912567076
0936080068
0903831714
0902826320
0528053870
0836551006
0909334917
0362336756
0909328488
0908351189
0869661906
0938767457
0932150648
0986886601
0913925970
0938252544
0902866796
0913809628
0902445037
0918424712
0908356745
0983490440
0352475200
0386555816
0934072179
0868641168
0937897114
0776966308
0989045931
0968959869
0962361339
0903919769
0979780799
0779179965
0913768411
0903647497
0903723607
0908121121
0983659400
0918223568
0819568441
0937849147
0906610882
0938672696
0979792585
0333553846
0919225689
0911859256
0352498680
0908238056
0389286820
0779179617
0563140191
0918482966
0916184869
0382717121
0843073529
0947924340
0912431762
0937807023
0908833912
0902878113
0909190872
0765120013
0378354166
0346749989
0917282725
0908740744
0904495781
0907771266
0939069820
0903750573
0909457224
0939762256
0937860649
0939386938
0765092966
0903665149
0966736940
0792355713
0918397545
0946969083
0902445851
0392235507
0867097628
0772665270
0934225071
0915087638
0903937177
0934048824
0976321911
0914398291
0903986178
0918501539
0936682129
0869199101
0982944902
0969056670
0932219761
0896666460
0703663039
0903080131
0909964909
0901713673
0919618943
0932436313
0907927389
0943200985
0916692203
0838128409
0933840098
0919024858
0932036503
0903904894
0349679419
0389513235
0772753505
0989286890
0913901498
0908681416
0387652711
0937641411
0907573528
0907514068
0935718785
0984745818
0939807186
0979581579
0907824800
0909278090
0903933563
0358348158
0917439838
0972206663
0925272272
0903827463
0906361567
0707854804
0896945816
0948961607
0932163863
0938002883
0909305257
0936749373
0948040212
0937995582
0901475517
0778893810
0907145645
0902002447
0937686931
0903923624
0776700221
0918531313
0932770597
0778604097
0702969709
0523987506
0909747982
0393364763
0363661281
0792361622
0903123743
0933950326
0949671212
0784014673
0908448163
0908890667
0777022324
0769733924
0903007095
0988281720
0363088065
0788494590
0937767507
0938641091
0347544292
0968696848
0399493601
0903640200
0938733398
0387201733
0934050034
0986832839
0913723680
0974144815
0909365898
0908444499
0974355454
0855445452
0983999712
0903947616
0972698218
0902300910
0944535567
0372824822
0933327985
0395799163
0967258113
0334763157
0911366618
0967170272
0902651439
0902852333
0908559598
0938889486
0931323055
0826928679
0909958404
0392435449
0913669659
0949373797
0353055313
0902277719
0977101930
0767366770
0933083775
0798106194
0903310512
0788932690
0775123321
0797918230
0967778096
0909988194
0773766889
0389748408
0382165305
0344517478
0907212141
0918145789
0396445873
0765986712
0794418065
0912149609
0348801840
0936228093
0911559806
0346847398
0786710485
0582967518
0326742070
0388473613
0398338079
0896964270
0584413405
0786238288
0865376645
0908856149
0383273078
0983091393
0908667382
0965240880
0376789925
0367465474
0979342584
0908244599
0916227778
0906999668
0982559975
0906876379
0938912207
0902394118
0798818464
0395608098
0934887445
0965919164
0975023919
0865970472
0765830922
0346131911
0703134425
0909063578
0937262303
0974434433
0775095297
0906840406
0779160869
0901145127
0932956959
0962501544
0909703575
0866598142
0358936790
0906346646
0934082699
0918181890
0785445566
0906371324
0906026028
0985722292
0934113153
0909271092
0973755881
0969678910
0349423778
0903963877
0962189421
0909026895
0933743325
0903006603
0903134819
0348559562
0903371805
0907156672
0938271948
0909000109
0909559297
0938651527
0938536621
0908381806
0908066233
0984800323
0939080517
0902345759
0988799979
0782664484
0903917873
0903048487
0909337883
0907906472
0377384258
0396178698
0352822824
0799015031
0919011615
0909911054
0903575303
0934463311
0933964775
0327535096
0899333425
0909576633
0906803233
0937879258
0908968593
0937855513
0903634836
0989181076
0981660736
0932493478
0908998634
0907757625
0931357277
0908097215
0913919688
0908372197
0908555685
0962244139
0933975583
0829206867
0908329098
0936395587
0339135228
0914141943
0919105003
0937333397
0908148417
0767477320
0983546647
0937422629
0362297590
0903043600
0939430238
0908392477
0908693685
0975914588
0988474350
0909009797
0788996126
0963831845
0973258501
0986120201
0937223441
0918544662
0983120986
0345727757
0909567980
0775862979
0706210139
0908312140
0949806048
0972345679
0984134571
0368534327
0908227437
0908050770
0909261636
0918481430
0908211357
0903383351
0909422477
0936114114
0368106920
0902774046
0902870700
0914419065
0979708391
0909590690
0918584422
0979607371
0962051400
0985842764
0764165755
0357041604
0932678903
0904423459
0908839848
0862854290
0934335277
0907954602
0901804984
0908533121
0908380013
0367066598
0925047822
0332922602
0932103665
0866980477
0916149141
0986680106
0908878874
0775919324
0988661116
0565740360
0909596979
0939142673
0933332458
0774567857
0913908888
0933332381
0903359525
0906994845
0973467097
0906608454
0938979193
0387003642
0902790162
0904999930
0938885452
0398367137
0973077250
0982448807
0906738763
0978388433
0367168551
0834447376
0399720655
0902030115
0932671534
0909286616
0909909270
0908108101
0988880432
0987679798
0862348700
0776969957
0909019905
0355527640
0968972269
0364466190
0909999592
0933143755
0933581517
0332434617
0919239710
0961786871
0912422117
0975598356
0903369198
0903839073
0905305928
0853898037
0972330170
0907234910
0963153590
0393941297
0399999998
0931416335
0906634489
0778839043
0903815239
0906778986
0906347377
0973929490
0918041261
0777951482
0938074526
0975962549
0337374430
0906662002
0978903327
0938798568
0908474706
0975565922
0907704588
0903711605
0932115359
0785966996
0983114970
0773717171
0979218542
0382408065
0938987722
0928969677
0888036193
0901541265
0386192388
0903135813
0908101668
0559005521
0938716124
0932509023
0372748251
0336758449
0966500556
0979074936
0903857345
0903529172
0938284567
0939162079
0337455074
0983943243
0908859801
0913634635
0917183751
0978535405
0355889183
0961934738
0903028339
0908381397
0907677968
0934914497
0349639171
0919491499
0978756664
0919678956
0908123785
0909707148
0908739293
0936364590
0909895940
0896931789
0932927510
0961286854
0327734032
0906866379
0909766872
0368782910
0903354181
0933065175
0909989209
0937139877
0708786826
0353728059
0779009183
0902810883
0983103413
0982936863
0934741099
0933234741
0915444020
0902976677
0903806799
0908847712
0392123270
0783856233
0902609739
0919116196
0938281383
0989982012
0913801231
0768013976
0962964138
0902194469
0839681027
0913703651
0906363319
0707924282
0908292482
0919583030
0937791579
0977637839
0938325248
0931603934
0907882816
0703062003
0908580303
0939122135
0907977930
0369601197
0911933901
0388208539
0943455942
0901430327
0902442123
0916455258
0764722108
0938274539
0908462967
0933183191
0933175185
0937095636
0778018606
0372896720
0932708528
0938513432
0966217024
0777727994
0907274894
0909333876
0909010306
0918011821
0937149428
0945806484
0966898508
0909631065
0981733838
0945159393
0909276239
0365782442
0906684383
0903150797
0978946699
0796129468
0703784840
0936178148
0372483688
0935963971
0906341534
0937118191
0904321172
0933461325
0898131278
0393426832
0909282549
0585622543
0762640682
0984216029
0365997295
0328466805
0969820601
0783220727
0854226905
0359613549
0906398467
0914676341
0789196388
0966860340
0903096644
0932713033
0777130194
0918304667
0949435399
0972623890
0905124728
0935212790
0772532226
0925863881
0914682822
0569537519
0562080042
0562296558
0569200834
0925606827
0569403900
0926271352
0983307033
0923977396
0925942520
0925838270
0925624837
0925645204
0925592990
0933903400
0925936657
0925670896
0926305138
0968945302
0925709914
0945161588
0925704149
0925715523
0926714574
0832524847
0947508610
0942253224
0829719466
0901361909
0853761844
0914396421
0949635062
0813554651
0946877507
0852589056
0819976615
0943909640
0853408297
0569404332
0988290571
0945873786
0943137452
0836394877
0938176781
0569200504
0923945043
0817796087
0854408046
0779534256
0818884980
0942915267
0837845316
0372523678
0933980824
0916721462
0832696367
0812587592
0824287814
0947099014
0943254091
0917369753
0889558695
0942737819
0833973538
0912974751
0946693259
0907230876
0833586859
0914235933
0826227830
0987644480
0949918308
0942353864
0814471721
0365325904
0925980770
0925980139
0345925692
0328767548
0867304491
0937166013
0932732157
0917712264
0916007179
0976992829
0986730365
0977459748
0586325602
0937876392
0943334634
0908067861
0977365707
0395201166
0907957741
0918031270
0899458353
0369397823
0393815485
0986561454
0908778459
0903783327
0969842763
0909102492
0383667743
0936864545
0798043946
0937877492
0898501129
0919414531
0988530396
0903166627
0909119465
0789222235
0931874978
0399368193
0902497012
0944203893
0916991838
0987584839
0909654494
0347849872
0902758530
0349687106
0935044749
0909026028
0908530001
0987253546
0981101595
0906788254
0902605864
0399344282
0904141910
0973529622
0377902348
0921889284
0765335023
0943829438
0785474628
0962857221
0903654792
0931008008
0348133056
0938560397
0938508407
0963979551
0972702709
0779626696
0903031104
0393399983
0338093560
0917500079
0919158882
0938596244
0373600952
0773021058
0903926080
0988876820
0933125415
0907567564
0933889158
0352429261
0983664331
0976225677
0362009269
0906767368
0777170703
0909640090
0983324421
0909763653
0916128938
0789776358
0918907212
0377211222
0937820792
0938558075
0903723987
0932749908
0977000074
0902902048
0706332160
0586183879
0906797685
0906303744
0908070389
0944875118
0916345415
0368429455
0937761373
0932618991
0908823062
0902324418
0903113008
0973395130
0903147337
0932017263
0918254207
0949811929
0903353926
0903732227
0363710969
0936248531
0978700416
0824209224
0702691115
0903071929
0908677246
0903017376
0908623607
0903919749
0783902751
0907660922
0979742771
0933627123
0767626572
0393971754
0902202704
0902484504
0767016381
0703907956
0908010176
0812909174
0382288672
0978891175
0978970765
0707048688
0981222168
0837233827
0903805462
0896629664
0972349449
0355619873
0345999644
0937208042
0961880914
0347442998
0909998740
0398602604
0937429275
0919148351
0917323888
0934986027
0908203134
0916535535
0985755633
0917366756
0879373210
0384126175
0908058904
0933124217
0907446449
0869295948
0989219849
0799355748
0343149130
0388873179
0763950868
0983502906
0377010760
0972409373
0559358749
0585844624
0972617561
0388623276
0389524951
0393157380
0364788342
0925056548
0774240024
0345809697
0903335082
0903935142
0906317439
0932733520
0903938450
0908333128
0931660808
0987096418
0917984387
0868951470
0935522884
0933137368
0784984654
0937370033
0937829159
0919576476
0939105348
0977572829
0979956385
0903755243
0901486486
0386219586
0903874450
0963447814
0938456567
0925584312
0922675783
0924194248
0923704251
0923508569
0924023163
0922675770
0926005697
0926168101
0786019041
0926398039
0923710132
0922654258
0922654762
0903345195
0923711261
0923479523
0923710557
0923705958
0923702319
0926335233
0903876836
0926477131
0926263154
0926188142
0922654274
0926402493
0926396227
0923524797
0903039917
0926391870
0922675776
0922676362
0922675778
0923698861
0922654853
0922654852
0923544294
0923507213
0923674624
0922676684
0922659391
0926441498
0922676098
0922658763
0922659300
0922676558
0922654338
0922659211
0922658477
0901829292
0922658605
0974307514
0903359168
0569201380
0925972687
0937416717
0569214417
0569538240
0565322529
0569200825
0569214682
0924988732
0925984582
0921768559
0923519492
0565905235
0922672637
0922663803
0922655807
0923951022
0923487857
0922654856
0924990880
0924990917
0925763874
0925283370
0569201676
0925641476
0938660999
0923308919
0922654423
0925876371
0924992312
0924993187
0924989005
0923940046
0924992441
0923947187
0924992455
0926405251
0925699507
0926396229
0926396534
0707270904
0923531812
0922654806
0925904144
0923527196
0923763103
0922676694
0922654289
0923263824
0923259661
0923710594
0923702531
0925410127
0923560056
0922654763
0923701396
0922659209
0911331696
0946799768
0789118298
0903702585
0899998440
0902864382
0931495291
0344426687
0975371080
0936125260
0903394136
0937722609
0906900875
0909699608
0913832890
0869196512
0326420073
0343838082
0918134680
0938238609
0933993879
0909448449
0933885886
0904517268
0938913755
0909020845
0969220395
0989507689
0934014810
0908430909
0937347223
0393109089
0976605537
0522023336
0978503572
0909692606
0389676945
0364132932
0868974898
0935548953
0906315073
0345285202
0797520168
0399733244
0911940749
0964668273
0814245800
0333346819
0342677035
0902248756
0983900897
0989710688
0937987056
0962972019
0901399196
0907123899
0908737513
0908726037
0937358713
0936391723
0908765806
0936230445
0931053495
0904275065
0904204751
0931376871
0342629571
0936599874
0936337634
0908954703
0934346148
0937358124
0936203907
0908827014
0904393670
0936451148
0936162087
0936614741
0936656642
0904569740
0348729888
0936617471
0903721454
0934165436
0936105245
0934391137
0934267830
0385815056
0937352190
0936704284
0902590658
0936984146
0902234842
0908752942
0908764075
0936372052
0904450148
0936533512
0908737740
0936330264
0904507065
0902293705
0934368509
0904171534
0934687801
0936998130
0934489270
0902132491
0904404650
0936939410
0903203109
0904351540
0936773854
0934628526
0902017267
0932334019
0936314560
0902177283
0934464367
0934678732
0934291504
0931376490
0397502775
0795529533
0769254052
0788378336
0785272074
0795340359
0903494627
0936091896
0797945834
0793288469
0788449836
0794708964
0795804033
0798214075
0794726502
0798459121
0793876772
0796082457
0794921449
0796094692
0798451197
0798374726
0794732836
0523982923
0566306084
0926842180
0785306144
0563287212
0564668207
0568867425
0923161151
0566319262
0528094383
0566862316
0562838129
0562939711
0523983938
0523971908
0926729382
0924367050
0523974815
0562371216
0926470660
0522231154
0523971621
0523978510
0523970866
0919992424
0832209341
0902354757
0918663488
0909788151
0906985544
0762892879
0982242922
0707085335
0933443434
0932769748
0773000307
0978248245
0935336984
0354364631
0336654911
0786201214
0373164185
0775664859
0767489868
0326739791
0933310946
0945347425
0972210702
0947524167
0983130623
0983769210
0972468355
0979900429
0931857895
0342697237
0917805356
0907855438
0972833637
0932788641
0974594668
0907633003
0981746687
0935183768
0398521071
0886365050
0906657051
0938717751
0903988137
0902800357
0984440458
0938391242
0908072179
0911859071
0937680880
0936290228
0941237825
0981862450
0909126516
0909752215
0888587035
0908410148
0918033433
0938431158
0964312440
0367494194
0938888773
0918769295
0798691338
0948952405
0932699557
0918382351
0933712223
0356113333
0903181392
0764686949
0914301105
0909164339
0909994734
0908208801
0329059459
0776361040
0938619849
0908917168
0961434291
0913903937
0374902067
0336061209
0359565944
0327770645
0353747497
0352194632
0398822137
0395859242
0378207042
0332937642
0325429341
0393537107
0334778750
0388465497
0862613314
0569903540
0367065935
0385547829
0339831814
0332837510
0869629432
0356704670
0866830309
0786563919
0866011649
0387967684
0865443830
0385675452
0393116330
0369613160
0338685911
0382841091
0364771845
0342174801
0909889661
0354503442
0373346270
0329399312
0328948120
0768125719
0913778380
0392294055
0346393455
0379202757
0384073480
0346635044
0399836761
0869406560
0365315414
0903612880
0865487705
0357169465
0397226364
0569689043
0366921784
0348913958
0372808330
0326287992
0908898785
0904510229
0986934330
0933599090
0372131960
0903713951
0704459928
0978890892
0857939818
0908893301
0902693311
0985881518
0925298586
0907775161
0917337457
0763022229
0908372724
0986155750
0398719602
0356187782
0833719043
0565209355
0979094654
0338846092
0355979361
0938278191
0367626947
0776896451
0977311548
0941194504
0562428779
0969880906
0989319165
0902543655
0854769995
0382727885
0559789963
0981103844
0358921537
0334995093
0833332574
0397144033
0329425708
0909072257
0763992614
0707101102
0349694127
0979795161
0898606805
0969660948
0377768218
0909439869
0707336157
0909714603
0989005844
0363930205
0937756415
0327161291
0843388039
0777945285
0908650228
0916273500
0903938219
0936220552
0933536066
0933370938
0989056735
0916650626
0933848489
0932944820
0909620691
0372527459
0817005500
0933214280
0905911368
0909949367
0923703473
0922676559
0922670269
0922655047
0925780361
0926062196
0922676298
0922676648
0923700550
0925710293
0903025464
0925491725
0925787790
0925757136
0925678715
0925744796
0925747692
0925683594
0925635730
0925601801
0925660390
0925636173
0925647730
0925997842
0922658687
0923531703
0925561585
0925820109
0926262051
0925774401
0925500546
0925564507
0925887508
0925706996
0378610831
0868681728
0946844389
0396601831
0326398464
0335294772
0868027575
0393278709
0867456445
0932011287
0923409705
0922676690
0942198961
0945132391
0923699762
0923519950
0888022255
0925620035
0948096158
0948909822
0915289849
0926417325
0923518772
0915515953
0949451637
0923508636
0911423844
0945047051
0945998402
0941944403
0923574600
0923517794
0923559795
0922659335
0922659221
0946896141
0328853253
0944095291
0342371583
0833074728
0375424736
0908605191
0931646486
0364331731
0333101273
0355885716
0948989632
0869771534
0325329498
0942794090
0338725549
0329019736
0328202163
0365475267
0919950465
0945452102
0923765270
0926427989
0865867505
0387184711
0344320904
0369004152
0866347356
0339270995
0903156573
0337589498
0328905938
0868947437
0925571796
0925847262
0925863954
0925731316
0925887618
0925477812
0925463803
0933687888
0925493405
0839654690
0385887980
0349505782
0397851561
0369417671
0355735958
0349081513
0867940570
0363723218
0862853598
0392561917
0782324501
0983033939
0913945327
0865412811
0903480595
0379583182
0973676400
0392114539
0903103779
0368717651
0397090082
0922653642
0922658684
0922676065
0922658491
0926415952
0923711278
0945155412
0948018163
0923507409
0923699045
0932678459
0565850119
0395021593
0906733554
0907225933
0908812995
0933334958
0373641539
0972520614
0908051432
0903171803
0981818113
0398853628
0909281159
0908239629
0909783370
0978685679
0904753534
0903885990
0834375567
0972702978
0977652097
0353571413
0586755041
0586761953
0389035517
0904848962
0908348393
0908539563
0909242314
0399862079
0938859546
0903389016
0363553418
0977278283
0938739692
0909815629
0976614849
0988855750
0933551889
0868846084
0347374063
0919383179
0909923189
0902375567
0777892301
0767129439
0586722989
0945633006
0908727853
0359667037
0365399514
0978841261
0982990379
0908428018
0392271722
0367704204
0901841710
0937609251
0983573305
0904591989
0398084153
0988648039
0906246537
0974531755
0708859881
0931822932
0932373702
0908895090
0938008765
0858855836
0972315982
0907280511
0399751878
0941679009
0903932181
0933900675
0899798177
0586314829
0983573953
0916133159
0908118723
0342051260
0793546106
0903339939
0386509939
0937562608
0837563565
0903554146
0903767234
0789626799
0933244262
0986754253
0935242363
0388377326
0933541161
0909361768
0377639277
0867486654
0934676327
0903740393
0979132551
0826786790
0909968250
0932050810
0967822745
0979309545
0828752099
0816866966
0969943410
0565097965
0564868824
0586742595
0523988108
0523977458
0523975971
0924296027
0569565961
0563303483
0926576990
0587938319
0564125874
0926443014
0569083450
0566322956
0523977489
0566805963
0562922347
0582889146
0584962573
0569465916
0523971669
0901733165
0931728084
0904528402
0584749002
0901735364
0903238170
0565164501
0523974637
0901725687
0903284845
0564762487
0566323658
0569435644
0566319298
0903217448
0903408387
0566306480
0906237827
0562314859
0566322944
0903245342
0903271546
0903285440
0903295346
0566306112
0901763867
0904568742
0902266749
0589678299
0788350405
0589676439
0936495602
0566301065
0589667647
0762313940
0589675373
0931578376
0762360175
0522612513
0523979355
0523975702
0523981371
0974013131
0523970687
0523974420
0903296731
0906257601
0523974094
0906259414
0765868540
0938419834
0938468256
0765722351
0947666464
0888810279
0907356641
0909511200
0902929505
0373034372
0908497934
0708809889
0327145993
0559447443
0924718619
0903635376
0363539059
0337471008
0932739550
0932472234
0357150870
0907415814
0333009015
0869393963
0922596380
0962094695
0908958935
0903738510
0346932700
0976090759
0903976735
0921485792
0903819999
0373991705
0919847722
0913747001
0946324027
0903862265
0908011646
0909907623
0909719908
0945868266
0931393868
0773612296
0983171337
0388314194
0968173372
0938436895
0934004016
0337401072
0932779532
0359899238
0982357715
0399835331
0966862577
0909260761
0908394718
0979627361
0363998891
0906992785
0902703289
0978519736
0908399747
0326475578
0903176294
0908977023
0978751953
0903648264
0398509308
0938951136
0902634568
0908332467
0907631712
0931449464
0985682648
0908561411
0902307920
0773083407
0902828161
0379808181
0982939551
0908663238
0913717030
0917045320
0945444206
0932168989
0932040880
0858683350
0918412439
0868932907
0989340303
0708096466
0907401728
0909789970
0904527626
0908587603
0903308315
0907316246
0942030777
0917726927
0987200216
0909369699
0932172326
0916959540
0329242566
0707676220
0867455641
0909013392
0397422031
0393588542
0364490159
0362097298
0349533250
0353481569
0373442461
0867468373
0366411153
0373802144
0367181843
0376434392
0342470038
0382224375
0364458924
0393900734
0867245230
0383547284
0348570850
0333214470
0336162032
0376562913
0987562650
0375005607
0344499025
0372336471
0383164363
0569484187
0865878462
0348379751
0916800840
0345023285
0363810036
0349900175
0372967014
0335967644
0932618647
0353423942
0344836671
0325727152
0384087590
0382759483
0389267062
0394134529
0937557677
0935255288
0932432379
0909353159
0972563969
0767124998
0783335279
0399391399
0918606827
0333351516
0877116688
0386644533
0902411731
0379757456
0353903412
0865137379
0974234774
0937788772
0971723009
0327923845
0984681799
0326431174
0362904383
0971192997
0347285439
0336570824
0981589423
0989767751
0326635404
0352057579
0373933187
0937667896
0961833983
0965781251
0903578059
0983974724
0937667270
0972898467
0383576270
0387648078
0342933411
0914692783
0946367066
0369607067
0989720200
0765337221
0349762492
0909338111
0902620883
0387401068
0377077605
0392151040
0938496276
0906981115
0908664425
0933953998
0913163279
0903886446
0973932120
0916328473
0912707479
0909129948
0938258657
0988165877
0933877660
0339560002
0764909686
0867991654
0909955712
0973999745
0839534567
0799274885
0392274224
0969072730
0797037817
0903197309
0789149328
0788982886
0981675965
0375978737
0704916649
0394372909
0763889596
0902283321
0903718165
0908353969
0918337289
0568656894
0908369665
0908898053
0941267065
0932029544
0564490811
0919961663
0974817359
0906606606
0932119373
0705141005
0903146227
0938967738
0924019068
0933334392
0902728252
0986166199
0355705158
0909547329
0903965933
0903740440
0926426624
0925510072
0924990836
0926476807
0926446787
0926428226
0926430772
0922662842
0922667169
0922654251
0913914545
0926335267
0926446729
0926263549
0926335193
0926414244
0923530494
0915156535
0923614339
0923699083
0923698873
0921508467
0926259772
0987474858
0923560144
0799930999
0926405305
0926430737
0922664363
0938978990
0921521691
0908012686
0924989637
0923382897
0923519437
0922675287
0923519447
0922654425
0922676647
0378575853
0357840831
0364485624
0868276013
0395142049
0337715153
0865931302
0347068914
0349770650
0923559299
0924991639
0922655016
0923519921
0922654291
0922659178
0923520151
0922659361
0343602083
0939688917
0337398329
0378523691
0919885297
0945960863
0913409274
0947957652
0946631232
0934378001
0903035089
0941479938
0941538972
0913012453
0901110141
0942515334
0946324925
0868146937
0397158756
0386441467
0358503245
0982220317
0332417174
0908324272
0334835344
0327037448
0327050305
0345774130
0384625274
0344439897
0339249652
0386859070
0332379713
0941902684
0941930233
0946785709
0943692201
0948593452
0916972653
0942995433
0944163104
0941275625
0913910475
0942627519
0941719313
0942118935
0948343128
0944890966
0923701580
0922654332
0923252081
0922658532
0923261258
0926477224
0922676061
0922676326
0908352412
0922672612
0923945591
0934195285
0922664742
0922658483
0923952782
0922654395
0922658664
0922654397
0926348397
0926411545
0923954391
0923461338
0918050519
0923528819
0923940313
0922654327
0922658403
0923735227
0923951178
0926236762
0923698741
0923699728
0926263303
0923698156
0937073289
0923520176
0925720197
0865086245
0925969891
0923522649
0924153102
0924296163
0923940663
0926395794
0926093393
0923262450
0924158388
0926395814
0923940659
0924987552
0949957340
0923519452
0926403686
0922676584
0922653612
0922658676
0923481493
0961189297
0922665874
0923518730
0923953177
0923702178
0924987265
0923707267
0923952732
0922658655
0922653651
0922653627
0922675377
0908033067
0922676693
0858190477
0933914984
0923536001
0923560073
0926477217
0924953713
0923940037
0924989425
0783212889
0924992839
0924992689
0922658401
0924986987
0923947126
0918543709
0922258668
0909238697
0564316032
0908485148
0565847781
0565847759
0565847713
0565847729
0972912962
0766286168
0904135413
0842458009
0934148808
0904229027
0909514004
0374523773
0933766354
0917996438
0366612950
0903835683
0374902527
0373760415
0938622424
0373094877
0787230053
0901820288
0919325540
0825859212
0909906513
0942900009
0984120705
0932758574
0373470009
0984616047
0902366690
0769707562
0814513639
0835535719
0939376179
0365954200
0353378969
0983060062
0568291748
0768721885
0904597489
0764649169
0906693555
0834027172
0932129533
0914257498
0903758916
0816730553
0794761049
0343327067
0978032378
0355952901
0347356210
0903134077
0785151158
0983501692
0935239978
0369597387
0902822089
0846018923
0982458020
0937447667
0908216191
0348409090
0364848068
0399955232
0902761079
0909916737
0396191840
0986275310
0906790510
0932223215
0918860247
0936818283
0877798463
0937224426
0767732504
0909183334
0773021578
0907056217
0932146700
0986814812
0907096246
0345364542
0932183678
0785889357
0787511590
0938634100
0796364123
0797583551
0917298844
0939931239
0964284454
0917006208
0903381182
0763331568
0986048538
0903040364
0913301801
0707339171
0335879029
0915028091
0913421868
0376483025
0378553366
0913710775
0378556038
0933917566
0937279997
0977621268
0946855603
0902447363
0774009844
0913813823
0908487863
0913103510
0789899998
0855562323
0963485917
0763813199
0933540652
0703774136
0906736226
0777642808
0903271725
0706434128
0908853141
0937386365
0938318173
0908417248
0904001409
0909228642
0909111218
0932074623
0909211861
0766088775
0707876100
0932512843
0903923505
0968327219
0938427162
0765065466
0908532737
0911861454
0909188848
0367870465
0982282962
0911678974
0978304184
0768769719
0328196852
0916423254
0911866180
0911867577
0931492959
0911866014
0937312733
0867515782
0988020105
0919502050
0839779719
0909782290
0797906236
0355009414
0903369106
0902530435
0907054353
0938488634
0842267847
0906616306
0374494628
0937334578
0389202356
0348346800
0763273968
0908259619
0899315881
0908664260
0932732574
0931064303
0909744634
0779901949
0907931188
0908470442
0903018082
0933260184
0906668853
0938884487
0946124348
0946303762
0335305289
0349925264
0352271402
0377214656
0971951053
0867458804
0399871822
0398115384
0862692080
0326522486
0389287837
0394286506
0363857503
0338853044
0347076984
0376282243
0362136769
0388553244
0363462259
0345794178
0327693099
0385518188
0359215190
0353698021
0359657687
0325544323
0325314114
0355538728
0367492655
0389734965
0336486396
0344274620
0334398201
0375027601
0369681017
0364980972
0382617714
0343718681
0933229973
0879480381
0908249852
0337645516
0345818311
0346136774
0352487934
0396240403
0347154822
0362951069
0379164243
0399837611
0354509508
0348642343
0868345432
0357332683
0374917105
0908825577
0908557616
0961469520
0972608974
0903728439
0989999997
0979769031
0326749237
0336226699
0989455431
0909685151
0349958439
0909339693
0349212364
0907246500
0935415523
0907553357
0839271788
0936032183
0909483520
0941768850
0937834228
0937328491
0368091711
0975366666
0907098257
0879552404
0378570187
0708882309
0918299700
0868902485
0784637040
0898464209
0908351818
0902695845
0898906618
0343777796
0974180444
0945012167
0382630621
0822445141
0933152896
0865764749
0936205762
0857991912
0908409932
0982409864
0907289000
0933569944
0979847451
0901378615
0931778776
0911761965
0903800696
0908998198
0938636730
0973747758
0372660157
0977667416
0703166868
0933775775
0933775776
0907973098
0937398602
0931933052
0354552588
0987733785
0984387140
0903955787
0938145438
0923521927
0923563756
0924987201
0923704231
0922676082
0923507240
0923702306
0973091193
0923697150
0966213558
0923945087
0923519811
0923698957
0926403831
0922676050
0922654331
0924993162
0923507742
0987968165
0911538866
0346279861
0329687541
0566716343
0566716109
0585055605
0566715455
0566715462
0566716342
0566714742
0922659185
0925632459
0585464231
0923258435
0923520763
0868861782
0383196472
0868967173
0368352407
0382712453
0394673533
0566349568
0566350499
0566771804
0566349415
0585052854
0585052861
0585461051
0585461006
0562105786
0563418914
0562080377
0562077226
0566715695
0566715750
0566716214
0565866240
0566716018
0585464125
0585464795
0585461581
0902745017
0366271670
0365863849
0922662844
0926236759
0922676697
0923314303
0923954211
0922653673
0923953946
0922659231
0585464175
0926454364
0566715812
0922653658
0566715898
0585460955
0566767880
0585464251
0566716089
0566715603
0566715732
0585461244
0585464243
0569280914
0585056740
0903801469
0937768994
0913807993
0566715636
0566775733
0569280681
0569280972
0565963272
0868866899
0566716080
0776554340
0933229772
0905852216
0566715572
0563242124
0566716285
0585461249
0585461053
0585461245
0566339685
0566045289
0566776032
0565968473
0566705221
0566704776
0565962411
0902582262
0326473652
0909719596
0348036231
0328497157
0333702874
0389847512
0329951447
0569538277
0923508955
0569043733
0924988646
0923952546
0925997404
0925595244
0566715493
0566715696
0566349540
0569045512
0923535045
0923700531
0569403921
0923518617
0925565435
0925793523
0569100856
0374054733
0944522284
0943325784
0943319760
0943799753
0947548159
0917934093
0372582875
0328814592
0386346912
0945894154
0945457602
0941914487
0945429120
0944836043
0945390277
0909262627
0922664307
0943383691
0941935853
0943383750
0914253732
0916346915
0944360954
0944781844
0948644690
0943347684
0944792846
0919469575
0944265805
0945201723
0941680832
0941624963
0947832902
0943266571
0922676551
0922670069
0923519772
0922656763
0922667531
0926236709
0922654903
0339254509
0983021768
0908399318
0913603244
0909736438
0987620780
0909116948
0918408335
0708752354
0915675042
0962691727
0937418280
0372962773
0967984984
0912928452
0962784644
0905570720
0903100383
0984487732
0918674494
0932129603
0903729115
0833913338
0906581173
0903521372
0987099366
0364634305
0779191099
0777683467
0795111108
0906997850
0901355753
0934056749
0909025155
0785675597
0908331548
0962407352
0938561106
0769762801
0986560387
0901660817
0913256560
0938947455
0987664091
0978782958
0775781899
0876295241
0917644333
0855888835
0779075750
0906639954
0903869338
0974058518
0849603111
0916856346
0902684210
0903302930
0939756486
0909660552
0901177643
0907614797
0336313270
0902220994
0372962087
0932682378
0909497623
0797724150
0389255391
0559584214
0932523701
0349044095
0523978969
0768587635
0902609422
0932082399
0933221623
0977880168
0868685014
0787627232
0909696448
0934772986
0985745196
0919676819
0988812007
0329738621
0978737585
0858120128
0773812268
0972326546
0358791079
0934019739
0363776996
0977247748
0326011865
0965676769
0904011673
0768386550
0906970889
0911580968
0767278383
0903323107
0907072553
0935182171
0938002028
0988940140
0393736765
0777885068
0913929126
0903904663
0908168093
0932132389
0375572531
0983876286
0776734323
0919315348
0908559362
0973407460
0917118119
0913632532
0777688863
0907107868
0904585571
0903676698
0986754882
0976898348
0964120517
0932953706
0983972063
0902503909
0934166554
0787891234
0984710047
0773214039
0916752202
0969934003
0903376103
0901338355
0909367773
0919988996
0395555977
0938717980
0785225757
0913945986
0938393829
0902873840
0906099015
0972486674
0906924714
0903023546
0814685153
0908122551
0903387759
0909889323
0392698873
0938560646
0772900820
0987998128
0937009100
0938189987
0773013020
0902977368
0329295524
0973013731
0969733315
0906332892
0919530000
0387877624
0337477179
0908192744
0939748505
0793439228
0379679377
0903174351
0947740547
0939459044
0389542245
0898815267
0938182903
0938094906
0937383413
0975424366
0946898655
0904357242
0903308009
0983066878
0784835935
0985690149
0786765484
0907087201
0905091085
0932051533
0909666820
0348578776
0909711107
0379776736
0913773886
0902388015
0902334407
0987023806
0769686239
0906762580
0903677738
0988545117
0908755961
0989745496
0935330809
0909947327
0924571782
0932676282
0792229926
0908162816
0917299266
0765925925
0933943833
0907689082
0389931817
0707582688
0908276886
0909648614
0966354915
0903540115
0908725077
0794392369
0918226096
0903773716
0933576751
0909657903
0906661716
0935361679
0905124741
0989004416
0913138370
0888522039
0918464422
0908270469
0767584098
0906910377
0395170558
0397543361
0909611153
0828839879
0974737359
0962581466
0788884848
0389982472
0909614064
0933631207
0377116302
0901809388
0978803271
0967812428
0327601691
0938505325
0587817527
0906633861
0587286827
0328720248
0909784074
0903032588
0909418368
0983118889
0342154554
0968435352
0788818449
0931101934
0376829652
0398325944
0392836475
0869416542
0338178396
0904340551
0939058277
0979349935
0938572087
0869705802
0931611527
0923381165
0908111934
0775132558
0817775183
0972700357
0937561695
0906649988
0971149532
0336105132
0938888770
0908431561
0834523272
0386860206
0917123366
0986877198
0908725142
0763892099
0939987377
0934255563
0913777282
0774950284
0332701187
0332025159
0933529966
0985963070
0938800759
0903021250
0909132347
0903877900
0982838260
0909781871
0909781876
0983003018
0936251927
0909484566
0386033320
0918320516
0799746462
0971979098
0798114538
0918222205
0968314416
0902509898
0901015633
0339558989
0908226691
0362772311
0969448390
0789818789
0908313991
0907744844
0931753075
0933053499
0908465248
0778866810
0936666914
0913176600
0329038086
0932776422
0988639635
0975277144
0799120382
0945512776
0907510554
0938280852
0969086884
0903179774
0977312648
0948930083
0855151305
0974649745
0989450192
0932737299
0901918934
0346048328
0368880873
0708596586
0919050612
0933774763
0909082136
0912802764
0842229168
0947330283
0932592981
0908701021
0907646604
0907516283
0773808696
0938007065
0789934959
0933687892
0986396183
0909858875
0907928589
0849041762
0392523387
0787498142
0903032204
0908204687
0908462336
0769697981
0935357207
0396863201
0379605894
0933993363
0833899148
0903728550
0902374277
0909374277
0926999930
0785443548
0568531219
0903674163
0902973234
0908645281
0906242410
0765039939
0917206970
0933686311
0909319529
0903888860
0978133857
0981133108
0796033217
0908325390
0982749321
0971454749
0393529777
0965741739
0988149081
0903878764
0908904192
0903131914
0379248123
0906527680
0983522979
0845055737
0906341641
0767896338
0909615945
0985145335
0908209958
0985400881
0905187275
0983660118
0929858717
0382646689
0395925917
0903388420
0983363684
0908456257
0366477211
0918030078
0938600179
0908871563
0908497972
0919688293
0979334496
0938240994
0988866268
0767099886
0903800955
0909688754
0937980540
0913213970
0907088222
0937040986
0968670598
0933559868
0967543739
0949498118
0906208136
0396189068
0946548157
0903788940
0905408210
0397881728
0909018745
0909526841
0913654095
0903300693
0342819193
0903613321
0987227565
0919391768
0986297292
0394992317
0908015938
0908596705
0977996227
0933732802
0365342025
0775992477
0978182822
0902862185
0985553885
0903389036
0907788449
0962353402
0397720620
0785442718
0903344598
0908225693
0905141440
0836794189
0773909591
0937395555
0374294329
0933645848
0906914740
0932798286
0985991188
0984079937
0767754724
0903024707
0776142261
0977010956
0902312682
0929112963
0822911631
0888539666
0968656259
0327503568
0909742140
0974978809
0934849099
0909576258
0969427008
0908119776
0969726460
0901184526
0972427759
0825329792
0939106674
0909029016
0987289599
0966946591
0903857839
0908836176
0902287500
0909763982
0901334883
0914374437
0812000595
0933075179
0907017246
0913503908
0903191331
0772935072
0906811581
0974502346
0918157567
0903361461
0901720830
0971709775
0792999550
0888383468
0908540080
0933473360
0987448789
0797802631
0909288082
0909252703
0947081576
0902677715
0909166280
0967966097
0966005152
0903930923
0938469091
0938619686
0905348169
0966990494
0916776568
0964030779
0971567684
0378762492
0941404357
0937789117
0942938999
0938878603
0899991772
0918870928
0965203009
0865464006
0386786002
0977226590
0939279416
0903919856
0903682597
0886177277
0918871944
0933520786
0906813494
0914322114
0907651111
0779996390
0907651113
0908358398
0909159665
0913625970
0778791228
0961368613
0764804247
0778655248
0922225151
0903195138
0937709239
0903961863
0903638797
0908137413
0966026019
0981103151
0903616987
0769988399
0908187669
0932948198
0914973788
0972993035
0779070768
0937451171
0903315058
0989631639
0938131163
0912912302
0794289502
0706666510
0915172791
0945055293
0909942638
0903399913
0964514027
0913335139
0918081808
0905348771
0903924097
0902884065
0904135033
0969761984
0938011454
0922111818
0906518588
0765654997
0903105055
0919556967
0906931395
0909000066
0799871987
0903606448
0392643622
0909946338
0916191412
0932665810
0903671412
0908053996
0835512106
0932333080
0355332788
0948898787
0774062963
0934100389
0961077068
0787402812
0908986373
0907090782
0938020167
0909122390
0917011711
0903350198
0908391166
0933762151
0982024871
0903029894
0704103673
0913606797
0707838590
0903660861
0973536111
0769900098
0909779790
0909239979
0902773833
0903020736
0938848063
0906888476
0888081062
0906905587
0978589765
0703045420
0962959582
0907497996
0944953915
0935419560
0982488848
0902455579
0908093854
0943558116
0902202266
0797462264
0909014569
0947756788
0909158183
0965916989
0977234149
0933011633
0918984723
0938325810
0906656160
0788891816
0908633339
0775700325
0903437438
0378170427
0903769711
0913774976
0918599508
0903996947
0906927061
0862203033
0934567644
0909214061
0909228640
0968723766
0397435255
0908225499
0355583999
0903849461
0937339977
0788979086
0902872492
0903942868
0792191976
0364310469
0932093485
0792266088
0795199593
0773317282
0903669604
0909874373
0931821727
0965572100
0332794815
0365213242
0947222179
0825842829
0934686657
0389456665
0766124000
0387505397
0869999044
0705126222
0349748448
0704685407
0938904224
0367936587
0934104086
0937703480
0908708156
0909817900
0903625487
0707788436
0925788725
0902936706
0902478536
0985134448
0908462841
0772046407
0903343915
0907324920
0906741432
0902300511
0799237338
0937658808
0961114796
0982919799
0967149555
0908261162
0914635515
0932950349
0903701853
0916590599
0908029868
0903137228
0903966197
0908623618
0944026531
0938836254
0969917509
0906976695
0902758995
0917892779
0936945762
0903640934
0938416779
0902429042
0879237387
0772918855
0932365119
0938333728
0934099736
0913662638
0907412512
0779228709
0933988501
0967901707
0937068420
0907171915
0937288239
0857300679
0909744720
0939233346
0909390212
0583106893
0374371857
0867553032
0822237267
0354765084
0792236463
0385854893
0355671326
0357421115
0385401925
0367781375
0379486721
0944971866
0857551943
0908470060
0906717981
0937758477
0978375254
0395481901
0866146973
0344661305
0963043220
0373033560
0921045704
0374359913
0973438638
0564750301
0365186474
0373128120
0989670173
0353359967
0926368387
0987881310
0988883428
0349810040
0937397995
0938662943
0988315703
0777779219
0908160700
0877741601
0908628844
0982397799
0383489065
0338778993
0962586923
0399693398
0907837398
0937350717
0902980937
0936143786
0901695019
0903300913
0384536358
0903813527
0909373655
0867553521
0913629558
0702746381
0909182502
0909587927
0586585575
0777943086
0903817513
0913607073
0903909488
0937259505
0945222226
0903049328
0934616270
0979562144
0359624086
0909844643
0903108855
0982972914
0907991636
0967220732
0909702951
0949953639
0902563768
0909117039
0364498233
0337132578
0903662860
0902709101
0986688134
0932148767
0399723333
0989970619
0913924433
0569538346
0562301800
0562294376
0569540679
0569403719
0569403667
0569201702
0569537361
0564663884
0569201563
0565942074
0569403598
0569061280
0569404211
0565978133
0569537448
0569537582
0925795126
0569083968
0569201204
0569214259
0925921200
0909773225
0909486665
0925840787
0387900608
0947509261
0396660595
0944258264
0943349071
0917064734
0837303617
0902346606
0948610763
0945730977
0855367613
0925793794
0925043932
0961672046
0328353556
0986462604
0342434967
0336096934
0377529542
0378350473
0398141748
0358862963
0366763087
0326598827
0342732152
0965537059
0386266322
0569537948
0843649089
0908041303
0565905251
0946485812
0843545420
0374808406
0941973383
0364606410
0379854070
0948246735
0868950301
0569201280
0918153741
0943431077
0333814162
0335718192
0365182325
0819342387
0918250405
0907979897
0906396126
0913564570
0931106679
0909114586
0967697932
0903135315
0974746629
0933679761
0937793267
0398441285
0902663523
0838796836
0963459719
0933133183
0937473467
0975234002
0976141307
0334624510
0968653753
0901850059
0902558034
0824461646
0903647473
0902604160
0947559955
0382367693
0938332145
0938838909
0909321933
0983718283
0988997709
0908316394
0914339838
0814999997
0988653301
0774383122
0937255079
0355054344
0862594663
0522401549
0366718132
0773992912
0389676707
0376931311
0386388717
0939227602
0901393904
0777732601
0354059623
0328090823
0707754117
0988355159
0907147806
0901317173
0799992163
0918576759
0968694376
0357569123
0906536518
0772224013
0767128027
0325715275
0923536792
0906434722
0389135714
0827242946
0349421079
0933650964
0899957108
0906834174
0398391618
0943436726
0817163162
0336192927
0559186305
0986640949
0326027527
0823241010
0374139606
0898534765
0901345868
0938373905
0762858471
0968390518
0382872264
0387903330
0352873007
0898664402
0898862512
0855556049
0933345224
0909561524
0333888319
0907253202
0983578931
0373640974
0368296877
0903316051
0918377762
0903845434
0938684016
0908684898
0981567376
0902010810
0906751282
0798879150
0918149546
0828024569
0378442858
0977292569
0901113554
0909210054
0904354096
0706503845
0973366473
0344196152
0925068968
0902379091
0931877082
0913607059
0344458196
0983888350
0903848626
0983225899
0938102388
0362215363
0908692122
0845677766
0938664702
0913699926
0931110739
0939200482
0906652989
0793977151
0937057792
0707960547
0938340494
0909300345
0989690919
0937535778
0909005691
0908391935
0908938883
0907586363
0938890344
0903857276
0903772771
0938040418
0777740322
0938885389
0826833886
0385289292
0906966681
0898216143
0938759760
0913892136
0904772474
0909601235
0777144188
0906766266
0907224785
0938312716
0906675799
0916049835
0888017783
0902386998
0902710110
0908662269
0932084874
0908369008
0903738413
0984725910
0988649918
0909781458
0902943624
0979298438
0977378008
0975858168
0937930653
0916044031
0903814544
0768414311
0389946799
0932767527
0906507140
0981133441
0909369245
0945268768
0909250339
0909336611
0908343922
0903958463
0798989887
0903822176
0379673916
0932111230
0898866185
0933867870
0979209600
0389019508
0704745460
0907203945
0908089380
0936187378
0906480065
0988436809
0919422633
0914251087
0909323124
0967599031
0865352871
0962095072
0356380249
0397770391
0346018178
0327848905
0387273320
0394043281
0392173382
0394959130
0347275341
0984144537
0355960521
0325147401
0528381424
0338501201
0332573437
0344081696
0345827127
0359330912
0908266231
0344030806
0392414904
0364480648
0325300723
0978700673
0383226512
0919509558
0395569776
0965371543
0369258110
0375811893
0868105744
0583037113
0326010318
0325111246
0373360501
0926709523
0363812391
0344394844
0968058990
0334964508
0352865727
0398591898
0338180371
0328720139
0933406886
0369572040
0325458340
0383227455
0933876584
0906989902
0382559435
0917839147
0916110001
0792012011
0922386969
0979147131
0932042533
0903869224
0344131331
0903856614
0908177942
0898499779
0933043317
0917200639
0948733890
0903585070
0907112241
0903646417
0903651071
0918195511
0906908586
0764990694
0938681243
0707707049
0938707327
0901001633
0938160246
0706082804
0945768186
0933757137
0909101368
0932678319
0906361887
0906729020
0914035168
0919776993
0903717764
0909277993
0938783836
0903641968
0907725657
0907794894
0903124376
0937191211
0906605250
0906939758
0916838383
0979569626
0796482076
0908913335
0902429036
0937840331
0927608100
0374681718
0937907379
0907493966
0908994988
0933012731
0385565411
0903967138
0909128114
0774735940
0906365391
0345033069
0703628813
0938689966
0933389163
0902909220
0918092271
0913714696
0373001678
0932069588
0917881348
0909904115
0917428617
0967529262
0917324539
0397352422
0528015993
0569403738
0569537513
0569404502
0569404144
0925893711
0933398588
0942871010
0937301998
0569214204
0569538099
0564638982
0799805877
0569201584
0569201371
0925856052
0922654238
0918027480
0565694722
0569200819
0327363945
0569201319
0901949829
0569538546
0569200646
0569201185
0931006315
0369643138
0348182375
0867514825
0345166212
0912357511
0358649962
0348467001
0869651342
0932140078
0344279795
0386092237
0387537441
0359040182
0356264816
0365316077
0868571884
0867547728
0868470708
0342869008
0384912365
0354730071
0866823287
0982859053
0949149414
0382171725
0333930157
0989855154
0769934876
0355824438
0325490420
0355188649
0367354914
0866193873
0935343491
0981085566
0913130138
0565942409
0569200473
0565910609
0569537605
0925711702
0569201426
0569403847
0569243961
0569537339
0569538304
0565667245
0562293183
0379708519
0865772156
0326523923
0366866175
0344303796
0344377249
0908288806
0945633232
0569537389
0703076049
0344829867
0769698311
0396437381
0816177303
0569404319
0329802369
0569404605
0569248602
0569537716
0569200737
0569245715
0926239218
0569537468
0569043920
0569214551
0569201361
0569404603
0926539879
0569540744
0569537918
0569540668
0569214521
0569200911
0925716574
0925715700
0921928513
0569540624
0922676325
0925604237
0926942712
0974910399
0901423559
0945849004
0359999375
0973450473
0982001929
0968396873
0933181811
0377551872
0909248773
0944080810
0909577756
0903829135
0937315969
0865778139
0937392926
0933065200
0914293968
0934004737
0919772323
0932598767
0903361419
0947292905
0353592926
0976299862
0907871402
0366787092
0932164695
0908130324
0938663846
0909989156
0982015789
0933444168
0583080397
0943563808
0963170592
0369158225
0773691432
0327015318
0988270808
0827084024
0929514059
0937834610
0925277911
0388462712
0985288337
0902814010
0903757451
0388766066
0937640939
0888869517
0908930396
0949236246
0908258144
0933384997
0559346030
0969291129
0938628566
0372664486
0707812786
0908600111
0328908408
0817453838
0909593725
0974818260
0906892396
0903722733
0905128887
0902599459
0932611127
0913868166
0984804254
0924155820
0902490510
0934626957
0976699159
0909950502
0931782811
0385209104
0918191923
0363464699
0907824008
0933773762
0967059246
0984056826
0963070738
0906013879
0938714004
0909631338
0931309869
0908318662
0989626609
0913974788
0909860843
0797276169
0934440262
0971876667
0984512378
0916695571
0938106260
0936355835
0903030963
0977180720
0932889746
0902633847
0916691606
0909667998
0933043534
0982262380
0905639777
0903681707
0973206419
0933170992
0932037103
0369827625
0932718841
0799330154
0907859254
0939934656
0902427307
0918376204
0906317131
0937141059
0975555501
0708714966
0906635559
0918295456
0773131055
0903552318
0932058875
0907217127
0931457254
0909131012
0981409702
0868711791
0913856078
0896439447
0903383064
0907177850
0962391710
0937126002
0932017947
0903813952
0908100041
0918198080
0915828918
0945196963
0984217446
0357403054
0909290388
0937570831
0908887117
0902981699
0903026306
0918916020
0908266736
0979491387
0765382940
0913933870
0903828239
0776824039
0785854973
0934039341
0373001769
0903718264
0794560686
0394555117
0944544473
0967757324
0906928201
0973127777
0583431473
0974748426
0975687925
0903674121
0939736409
0903380068
0707761780
0988724227
0787921333
0904598999
0983882007
0338090868
0902385520
0917418100
0909077443
0988801339
0917218393
0916873119
0938632590
0986874957
0933505773
0971810089
0913063696
0971202109
0565385571
0906661611
0938660450
0582436940
0587659599
0908220226
0783556300
0586874598
0373374312
0563116812
0948881997
0877209527
0586874586
0903160058
0907999465
0969646465
0767180518
0915656954
0886688677
0708831288
0902263957
0934883839
0938015978
0367776221
0903332018
0908863833
0976593351
0903757712
0907218112
0934207315
0931831296
0902721124
0706551296
0907913693
0909772279
0917941481
0915732299
0937326358
0981675775
0983474739
0905023589
0778892391
0912129836
0903966256
0347105606
0979385538
0918579581
0345013445
0976490990
0398948066
0937765795
0908569836
0704411808
0901447966
0982414939
0988610091
0909810526
0938051969
0708888779
0913535347
0912325450
0906684033
0903330542
0346887439
0932343224
0901411016
0396010483
0869822860
0382313199
0977003434
0762824608
0988476007
0903386608
0907909189
0938545842
0909595578
0325517790
0935175257
0933918836
0938009930
0934842122
0937037332
0833708921
0933089800
0947810705
0985816507
0938738534
0906911368
0903813296
0569883968
0906387886
0909632166
0903952165
0987122900
0343256041
0855931217
0778554127
0769956997
0931801927
0909766764
0902520820
0708323940
0981122483
0941411729
0983210948
0372998389
0382225773
0337187705
0903909357
0933668189
0334342294
0387911008
0961487986
0968548210
0909276604
0385397432
0392407362
0922383746
0913987868
0343330749
0328032408
0355268589
0908865200
0903825510
0396109142
0888839269
0918295295
0944435558
0909898216
0931697917
0888139065
0362097358
0765065373
0909323942
0915724179
0908680738
0938478949
0901962460
0901403737
0933556544
0933321171
0902333059
0933402542
0918138778
0354597476
0769352767
0902798226
0919391761
0886062358
0388729827
0989743970
0935222485
0902761277
0799194378
0984518472
0918076502
0393896895
0934108616
0909093027
0972850978
0927088898
0961714596
0907676568
0795867801
0988209339
0938367007
0903180619
0927690090
0903303343
0936703075
0964150717
0982145982
0939754793
0832952059
0903134145
0768770179
0933269802
0911979164
0342865543
0981850782
0908509464
0909358665
0946349515
0909795233
0913854393
0906826130
0775655289
0916412687
0937270944
0799747579
0869631346
0938985702
0868113790
0932889485
0967839975
0978887460
0702459870
0377063168
0705108384
0393706639
0937678667
0764171696
0797735689
0932507548
0907631289
0901127528
0932015320
0931931363
0909435099
0902678602
0392023981
0932752438
0379500644
0938041087
0903824243
0904172344
0362641562
0906947393
0931048200
0972844046
0931789677
0913485503
0937673947
0938663879
0338997050
0936598689
0355791522
0832116119
0764687075
0937573012
0933170256
0937791830
0902791637
0906935793
0384631338
0909139119
0988719760
0933778551
0768535567
0973980430
0909130672
0909477190
0362388807
0354833590
0923490899
0774925727
0988090768
0386589064
0961037299
0988178338
0833045281
0903745555
0903680633
0909975614
0777071079
0786316766
0937926979
0989225702
0904518931
0328774997
0799365222
0903658788
0931926178
0927977220
0902913724
0907077379
0375666970
0905408087
0906477150
0933018330
0364051225
0972783795
0903712952
0707475989
0368000320
0976295378
0368414487
0333866508
0935222126
0909817946
0938376048
0913929505
0906829786
0898750584
0949631427
0358213029
0989517842
0989071875
0366511039
0973972668
0938222049
0933303110
0903145323
0916234368
0364162044
0977548836
0906911285
0908310181
0975578049
0909044097
0786049221
0934563808
0907219941
0902931118
0933988764
0972976620
0938001102
0904867605
0987129596
0908986741
0933716235
0938767355
0789888449
0903822500
0902794947
0983938427
0988158345
0903065982
0344769601
0974725486
0938708402
0901232139
0905430113
0937715182
0908886577
0906535994
0898214983
0903811624
0334278689
0988996442
0846399979
0938267665
0903115363
0972159211
0333775307
0978472247
0326652665
0909733376
0908100171
0913924529
0815109912
0797783648
0967940625
0984209637
0901763243
0704948480
0933766689
0916800683
0908671209
0775999239
0911315548
0347464134
0523579016
0917361580
0978101916
0792391913
0832305703
0919620407
0869410231
0377269230
0964878318
0917119647
0788905451
0787993190
0703266871
0582855981
0917356683
0779101908
0362117934
0707924495
0586266776
0778787482
0356628068
0835285969
0898409332
0393232025
0899329079
0911364941
0798855799
0979670041
0799362186
0327199703
0377136081
0947924308
0326398724
0909783562
0908457020
0909037990
0923096301
0943130057
0909455020
0944880604
0933060715
0932939608
0903967351
0907787638
0906663448
0389665882
0523488696
0934196766
0797413808
0398911355
0784981705
0792092041
0784325392
0793819759
0784374704
0797691273
0799855929
0908070287
0907205622
0775939379
0938495800
0365855016
0981405893
0839849256
0703021099
0938440345
0989621357
0778530887
0767059787
0366216432
0978561205
0989720274
0902405876
0939432606
0336278246
0782904319
0973019117
0788259168
0982880488
0986082579
0909627367
0964815835
0979374319
0763744945
0798298897
0936851458
0566978888
0796566366
0369932280
0989648939
0918801085
0918509670
0903532759
0968025954
0901382398
0566153917
0375147154
0779900351
0925568474
0347300044
0983352548
0913115445
0931832038
0986393101
0562280394
0562501510
0562513732
0562760712
0562357560
0562186422
0562232340
0523976206
0562642513
0589683141
0523974748
0562805093
0523984909
0562705594
0562730657
0562454180
0523975438
0523973970
0562633676
0523973890
0562560607
0566776982
0582670155
0562296254
0562618566
0562372305
0399392656
0562287036
0364836183
0934124155
0901550336
0589814319
0562761623
0523982635
0562601539
0563612608
0562734046
0523981536
0562492291
0562295886
0523982851
0523984037
0562443041
0523976619
0562669245
0523976129
0562365738
0523972788
0904272151
0584127320
0919777097
0902450975
0354432291
0369971808
0938226239
0931175764
0902722069
0704696991
0902357484
0908348991
0913743573
0902989802
0704459920
0913677994
0329143340
0932692560
0914889998
0945443991
0937514847
0903418884
0908951646
0767276783
0929785493
0919508487
0787575976
0764557889
0777021851
0986499457
0704420332
0938324536
0357708071
0938196195
0354043740
0978305941
0332971303
0901394338
0917164651
0903708372
0384088621
0919254945
0903777283
0906955956
0903876912
0934307468
0917398693
0909679685
0946221673
0764495665
0785163923
0353254768
0974706984
0935279688
0985645617
0972907740
0936809363
0909129099
0906120593
0938487387
0397480507
0909355457
0919121710
0982488048
0869955191
0908356747
0908051988
0367638820
0918724973
0937995301
0768042781
0901488946
0915508672
0939053030
0903836365
0909736099
0373720069
0908941905
0963260089
0988515799
0777380868
0901822586
0904122245
0913835394
0939021604
0903170422
0906312373
0915546569
0329297515
0937143233
0908933581
0933110203
0936181979
0366338842
0379831056
0933776772
0908727209
0918648339
0988976512
0854939568
0903957664
0929294979
0976886545
0933082664
0909799490
0909093890
0989043010
0981848777
0708075775
0968732345
0774738270
0985766742
0903946146
0918766789
0367571215
0938732176
0929142473
0387798022
0906980628
0908442369
0767360410
0902302487
0904489059
0365722007
0967529299
0986281291
0966422558
0938197131
0938359713
0984745009
0974734660
0908534423
0903329785
0947606363
0933476835
0902309638
0347597061
0966929018
0909115189
0886310344
0772668908
0903339656
0905788971
0389557519
0903823961
0903949226
0903789467
0903181227
0902345844
0907513590
0977257498
0941384839
0906652581
0938665955
0907533985
0909705795
0798432420
0399302314
0975634518
0913745016
0909322997
0902957289
0938143263
0976543875
0902727724
0703467264
0949385555
0983080171
0934244324
0938989853
0902776079
0907507338
0983011168
0935659848
0979019006
0972222372
0909975579
0705350508
0908981356
0903678820
0937079031
0974459652
0355261729
0939595348
0903456040
0909338577
0913768463
0941860303
0779599082
0981813338
0903660973
0379753780
0903620898
0908896615
0908665446
0766995795
0903713607
0936967071
0903390847
0356232339
0903739598
0903320810
0937786168
0386297274
0812629639
0903905830
0908239932
0988800367
0335539662
0909770895
0906345579
0344061630
0982179252
0903876005
0984446161
0909021545
0522420332
0938848639
0908221350
0903319091
0985081990
0979378434
0914228602
0938650494
0914893497
0913131961
0916867939
0909633578
0908064436
0906042400
0918272397
0938269869
0938682583
0392528274
0947413006
0909929415
0972746161
0906603801
0902247247
0916792496
0913643436
0348290718
0933950069
0945749990
0901459538
0908857379
0901856789
0774402204
0933745598
0364041798
0347562771
0903713185
0938930519
0916264424
0909697015
0834564409
0364565318
0792145048
0907874751
0937392651
0765843975
0326340858
0866188457
0916451561
0899990623
0935774509
0354543050
0913723462
0327612760
0394079347
0785432235
0395809739
0706856558
0392042201
0796990120
0911867231
0903402481
0769747501
0908037337
0764849464
0908442446
0798967054
0906809613
0772841388
0965508341
0339841855
0773812307
0338424048
0907007009
0938116692
0903152767
0833305070
0792168693
0938187129
0908599806
0397939972
0868972553
0582208325
0904193645
0388689660
0938085585
0343891432
0911867228
0938284568
0933306324
0906871185
0933242435
0907573265
0964853634
0585946192
0937188139
0903901015
0907300088
0964146839
0904482827
0981342158
0903703288
0903638928
0908062468
0902953484
0879586272
0902828718
0339432161
0908953764
0702622624
0901191436
0982024899
0906839339
0392130350
0919602799
0908028622
0902978856
0906821901
0906991284
0908329130
0792700750
0981646007
0778996633
0939813618
0932660662
0773949636
0859203453
0772867049
0977216469
0976589385
0903284255
0399481383
0961300329
0903992343
0772471573
0944447277
0945270271
0969795381
0977259859
0908642147
0357379089
0908202638
0933710591
0799868865
0933292216
0909469438
0909756951
0909682460
0909558881
0899979593
0907638377
0982607086
0798401346
0908426615
0918247092
0925586549
0903837893
0906385919
0703110780
0932024829
0904338339
0384772678
0982636555
0926397697
0983099960
0938184225
0902426663
0903328615
0339624550
0914786978
0909921329
0775758399
0903318718
0919020868
0909900729
0794456909
0798277210
0938833899
0973633402
0909954523
0775510035
0358997483
0346449339
0907226720
0903910529
0918398539
0898482235
0933903787
0789366139
0973339000
0767879804
0937348318
0938789934
0968765898
0989593950
0983332743
0909861784
0901724266
0765112592
0703883121
0902607905
0908156346
0937612716
0357706756
0328658240
0835554736
0935396337
0398742578
0976484987
0329626920
0703972975
0913545979
0987019709
0978847478
0384999790
0903678187
0346546060
0939738949
0937335614
0909117123
0909457378
0987629682
0937765964
0706891124
0989012716
0378770569
0917702796
0933369414
0785791648
0765876259
0704515442
0945397276
0909096974
0979709387
0909698802
0702981743
0937798610
0939154430
0775081570
0936087290
0908264461
0932094170
0356526965
0944013051
0903762717
0906359878
0906777754
0378966219
0902491576
0896436816
0903999491
0938444666
0332312937
0978591811
0918080868
0896371761
0934020674
0764443833
0901877061
0931216709
0369464775
0779147822
0936922489
0907807004
0932029768
0937666084
0903060586
0903698898
0903191918
0907120103
0879976786
0975743689
0938650976
0906621850
0908479858
0368131200
0916973760
0963458700
0908907111
0975892029
0933278753
0904444432
0907456719
0908238759
0937936207
0907381075
0939301011
0898301190
0909331194
0903154115
0948801505
0967053131
0901091441
0376630538
0909190174
0918058070
0903080967
0877772579
0909555911
0352194918
0908386584
0901468778
0914378669
0905253680
0909552277
0938319996
0908909368
0908021998
0905325998
0932010757
0908034430
0369650138
0913603151
0938113085
0902224041
0896415873
0905858975
0938857038
0934007243
0919623650
0909417474
0947575415
0902361791
0978199988
0902334363
0937257930
0936033279
0978017248
0978518052
0397935139
0903604992
0989499729
0979490466
0909949784
0937775246
0977214887
0932751473
0933017630
0909976954
0853085086
0909211100
0909811138
0903624673
0898993263
0903360158
0385189055
0932735888
0902649868
0919667576
0376968692
0909128681
0908817578
0908126269
0909023686
0909472023
0902916616
0834562372
0917151266
0913601086
0908509826
0766120783
0919813317
0767743049
0907487070
0911876836
0908814692
0911863404
0972353739
0943272278
0976602922
0977937179
0935245016
0908636453
0888999163
0909343049
0903996699
0902906022
0968770629
0908662385
0906020279
0913161447
0902319821
0969682803
0903851323
0988235926
0906333531
0933497424
0773229314
0332320181
0917073074
0934842767
0903327699
0908173769
0907993919
0982272934
0903920353
0977190456
0936232533
0934106606
0967813919
0876250837
0909518581
0333429366
0983397439
0903369000
0938088924
0918306299
0904524805
0909916667
0387154373
0913220579
0936124841
0982728938
0976861998
0905755510
0983845138
0961145454
0918220019
0903033300
0909637471
0988813025
0909504263
0918566189
0775572281
0909332259
0966299173
0909958170
0908382010
0335786804
0903882119
0397283866
0987137007
0962624624
0328890979
0366632154
0919506999
0903118954
0908420084
0936935940
0898153433
0908224727
0767250629
0938613297
0934069005
0373301089
0933990446
0907811203
0946773576
0908768178
0985989709
0974919725
0906348656
0938967110
0937688059
0372257481
0976681391
0908080816
0703023594
0907725147
0903636879
0901205535
0909666598
0946770035
0963612181
0901182456
0936000119
0933034722
0908093301
0902714871
0975979090
0908163579
0914880482
0918229481
0707260321
0772734779
0907356306
0908649471
0919738541
0707581341
0901308477
0937415787
0938989984
0977829812
0937662811
0707363563
0974502105
0941842408
0784260602
0936971480
0978965220
0938148825
0985538547
0918498479
0966764064
0972858509
0908898644
0977542064
0565211330
0963403689
0906344879
0783993668
0772406402
0902991707
0703569438
0968176759
0932118322
0346050542
0932192822
0387091943
0902348379
0389125493
0905333351
0703100045
0707769826
0919873363
0909447099
0909319729
0986990287
0908476376
0903059572
0903903678
0934083086
0915580247
0933581960
0933746799
0916525454
0846614238
0918215309
0968011012
0903701707
0906686039
0918040777
0908039723
0907362575
0909729014
0908991768
0888051988
0908344684
0385702140
0909931299
0775001586
0943785988
0933337889
0984497937
0982090038
0915195835
0901360075
0902969973
0367085306
0939215576
0909840684
0937173816
0976001988
0939151882
0912636731
0906039572
0986139202
0387275704
0909296359
0379661116
0938010693
0886469196
0902812639
0938628242
0903715858
0908647640
0902470688
0906330882
0772907239
0908954292
0978602292
0335408974
0914464044
0902413468
0936243208
0379608107
0938026370
0903872108
0888476656
0776310907
0344518315
0776656658
0903820303
0935301890
0937523929
0903046808
0908150767
0975612549
0393085283
0931838638
0816169119
0902713403
0902469673
0879403032
0776960723
0909335335
0961785064
0971888468
0904485227
0349088342
0896914562
0819900507
0902796386
0903199897
0933891845
0899571784
0898043871
0896351207
0896884672
0899077026
0898598832
0896678430
0896635096
0899573493
0896365860
0899713164
0898847313
0899589235
0921351216
0899157840
0898599427
0899294611
0896707631
0898741375
0898591251
0896204898
0898592910
0961823319
0899099571
0584542564
0898110208
0898563841
0896719361
0898561715
0899713571
0921353897
0921351006
0523834916
0921349625
0899825313
0392000049
0917554767
0926000000
0338755336
0979617303
0899806702
0896919705
0899190958
0899577626
0898005830
0896645280
0898244817
0931317669
0898311301
0898620024
0896710240
0899151354
0765683614
0903130107
0964888126
0909613487
0385880878
0938689490
0938283676
0369967472
0866926535
0569669059
0903373325
0908189964
0938657404
0938303933
0917611111
0909616162
0888006126
0939779013
0934136257
0909095115
0399214192
0899015587
0909873089
0903329078
0933527429
0987187575
0982350350
0764424970
0931145022
0329323173
0764626739
0938999614
0984849559
0932016787
0862146013
0933335024
0908914688
0348870541
0911447778
0937819567
0907464968
0902643595
0903151439
0974142090
0905514228
0937722207
0908900075
0961800017
0978367979
0908899717
0906738346
0906838638
0344151551
0775043444
0386232250
0909136803
0938993637
0798892959
0976645855
0907267266
0974120990
0932111463
0708683768
0938620467
0816399266
0903326682
0393504441
0901384925
0332562674
0903834418
0909695665
0902580090
0907467886
0933458428
0986355630
0916372160
0906394419
0906865679
0903119174
0962974321
0903365539
0907373708
0903867909
0918091878
0903359553
0902773443
0918418056
0913930995
0915655501
0901091025
0938993067
0901331211
0937389007
0703720850
0764602391
0792263957
0908784977
0916721495
0794685504
0937806599
0939879111
0908009098
0933049150
0879459272
0379595083
0918482689
0393323325
0393337113
0983059804
0937281009
0984630102
0901842156
0948762898
0877701778
0773350597
0388937780
0986603529
0903692958
0386067445
0986795165
0936738769
0964534825
0338761424
0779921424
0982195205
0976787608
0969412413
0939134586
0938919100
0946484742
0903255396
0933360270
0929626334
0938932639
0904412406
0938582326
0937391237
0366498948
0922220707
0903742929
0903636742
0345458912
0945026899
0965101388
0966872474
0886671006
0383169738
0706237172
0763630826
0915437070
0937369363
0917455628
0815523766
0886545297
0886634722
0886548440
0819190817
0886547814
0772040168
0886545124
0886548721
0886546293
0886546521
0814276757
0815000769
0888832446
0886545387
0886546947
0947005062
0886548164
0886548392
0886545867
0886545237
0886272752
0858313199
0852395248
0888391652
0983980606
0909893997
0938117662
0852398644
0886545094
0886548094
0886545064
0905559792
0886548704
0886545765
0886733363
0886545934
0886548410
0886546864
0886548697
0886544934
0886547010
0886545220
0886547915
0856700970
0886545624
0886548431
0903628488
0886546281
0888846551
0886546670
0886546964
0886548684
0394491064
0367571590
0364351035
0332112470
0339969124
0378535503
0329713445
0339213289
0386378543
0867368047
0394738207
0908311727
0356638344
0962764010
0965796140
0987758834
0964034581
0388597433
0336920977
0375940732
0382491260
0357739160
0342777443
0346246601
0947628108
0366979165
0362608310
0382977750
0373019463
0352660446
0358806734
0345282872
0353486194
0896940583
0918086162
0769722788
0938231092
0932736639
0896368744
0704927929
0906767347
0933001019
0937559338
0913957957
0938914895
0858913179
0912411085
0975464848
0934890012
0849501990
0905822123
0989023645
0903658989
0763556558
0919992426
0937906900
0913128923
0896610825
0903319967
0352376542
0937142075
0938535363
0919793067
0762036473
0762031834
0764778137
0792175930
0762034605
0985096053
0965395791
0707500389
0909520348
0966753819
0965912734
0372844590
0981255873
0343745894
0384734565
0974991842
0982017470
0386979743
0962116017
0782390941
0762033304
0768230976
0782348608
0762034207
0795268129
0702004068
0762033590
0792032487
0762032270
0762033581
0762034070
0798316612
0762086654
0901361450
0762033843
0902809839
0795448564
0762036943
0762034190
0918748989
0369817050
0979281572
0364260087
0355706915
0965329337
0335857232
0396035564
0372486154
0866636542
0377515238
0343542446
0869847246
0332269953
0367003684
0372803821
0961364143
0934106815
0933013839
0975467073
0393123604
0903444978
0989013055
0987030958
0933017623
0399953357
0399113014
0394264913
0344749131
0386396743
0343852334
0986791353
0329309085
0364800249
0326814636
0329694337
0389753571
0365783023
0357865381
0352071036
0387888331
0862285467
0387936501
0867915875
0976673499
0909928383
0907811028
0942362747
0707820783
0938982959
0766146654
0812220195
0782318763
0987778298
0782311126
0782310249
0782323987
0782444620
0782444303
0782481128
0782481341
0782482729
0782349213
0768220090
0782480812
0766296277
0835820816
0834375136
0813786236
0768248632
0837739836
0786013015
0782433109
0855367589
0832530618
0768261469
0768245006
0838320816
0768240957
0814337702
0911960313
0916206905
0768241705
0909182442
0823268966
0842517112
0944736450
0768237541
0835117257
0782431017
0768263573
0886029557
0768246535
0842436498
0849528969
0839893607
0768246550
0813972901
0837817004
0813971343
0782430726
0768245815
0938323337
0797416106
0376109796
0383760089
0813971601
0933678192
0846585166
0839903046
0782416764
0813799251
0782462049
0813972820
0813796022
0938382454
0373762692
0986304922
0392064583
0909959261
0903626525
0937958228
0907557197
0908393292
0919683402
0797710810
0788747256
0775111178
0908475665
0903824050
0967998316
0919532181
0903847186
0777725125
0932434294
0978555889
0373784598
0966239696