0985491367
0989114453
0924958559
0989836943
0987531749
0984073893
0980625761
0982640087
0689467593
0982443817
0985516572
0983816341
0988355438
0984946539
0989067715
0984347317
0989252646
0988126125
0984290578
0983698947
0988702665
0986181761
0988713653
0987617294
0984751026
0986563198
0989498879
0984181538
0981375169
0984949220
0986975794
0988763279
0980730204
0983004570
0988233138
0988418986
0981510328
0984785635
0985288237
0987060008
0986985095
0989692255
0985986415
0987952052
0982869460
0981462188
0938567753
0987216863
0987815395
0392271722
0988028474
0904185583
0982546154
0987232458
0983007469
0981680437
0386378543
0980832585
0981089151
0981503050
0987837858
0985598289
0989558524
0981328671
0984270334
0981196093
0986932942
0989437300
0987981140
0988708137
0582378187
0985905177
0986552797
0989394637
0985375666
0984853039
0989963972
0984791968
0986825917
0984088359
0982238183
0983514011
0903804696
0984492620
0980474303
0982749766
0988950974
0981181958
0981624022
0987534150
0988235667
0986292865
0988853324
0980127022
0983725421
0981606483
0980348882
0986259300
0981784841
0986980961
0983646002
0980545009
0983492669
0985000147
0983473145
0985511686
0982366495
0989123001
0985667848
0986264054
0981478435
0982963407
0986439484
0986372656
0987508928
0981321722
0983544898
0984323001
0985222632
0919391761
0982288406
0982341286
0985022753
0980027582
0987598625
0987920791
0984518037
0982128196
0980571428
0989573366
0902582262
0987698676
0983454007
0985844927
0983567008
0981443701
0986903643
0989526329
0988179056
0987846807
0983824609
0988812981
0984334196
0980102998
0982090131
0982919674
0988552212
0989122510
0986076215
0981408842
0988517511
0985221264
0989129683
0989878372
0980456816
0989615105
0986123724
0986123449
0986054043
0989487364
0988979017
0987950957
0983667495
0988979827
0982700111
0982571766
0987369167
0985077464
0987081493
0985484567
0987274798
0988304528
0987097765
0984360443
0989945992
0987659362
0986089724
0987267667
0982917663
0930226111
0982911184
0954190238
0986548901
0987469095
0988325871
0987323076
0983160838
0986061562
0982212266
0983466640
0989389310
0988046154
0989429101
0985856109
0987988058
0377551872
0982792112
0985360284
0980090198
0980118302
0986795441
0989325084
0980379386
0981777106
0984414708
0985987692
0987846192
0988895996
0980751574
0989316841
0986980699
0917307266
0981371495
0981507799
0985345428
0983268443
0980983258
0987030509
0983250776
0986480924
0682006341
0981673718
0985923341
0983488565
0986970750
0981652353
0984135034
0988992207
0982912466
0983770584
0982485107
0980181036
0981633268
0986560726
0989789682
0975302886
0911809329
0989019356
0986134618
0980663182
0981419269
0980344992
0981777665
0981746409
0987599371
0983744628
0987796206
0987241662
0989070270
0989856034
0988277133
0985141763
0985055905
0984285784
0985477478
0988212097
0988627869
0984576745
0987604306
0989202008
0983738553
0982339443
0983677726
0985530296
0986770595
0987864387
0981316842
0982730879
0482008376
0989486890
0986366059
0987804025
0988598191
0986753213
0984327792
0983031683
0982945870
0986507495
0988032709
0983113791
0981618452
0986598046
0988251122
0909650288
0985522187
0988950590
0987822805
0983568506
0988880020
0988992372
0986680378
0983387081
0983674293
0988345134
0984811594
0986334666
0986918857
0982385741
0988850468
0985849436
0988650540
0989521946
0987422655
0983251558
0984801023
0988219359
0986486446
0932611127
0984550859
0987722458
0988635853
0984278603
0983518972
0983659729
0986331554
0989094870
0980868867
0987421141
0989587427
0989085139
0988143683
0982706139
0989558461
0982060679
0988587255
0989973994
0985866188
0989145002
0982624369
0987218495
0988447866
0399113014
0981665145
0984400009
0986024477
0980565032
0987314344
0986300137
0980997209
0984696234
0980881647
0983411837
0980696911
0986030264
0981808316
0989078113
0983798053
0980904282
0987160885
0988688779
0980424163
0909993799
0980495630
0284944809
0787114404
0984096368
0987937958
0985420803
0989246337
0987311256
0989822505
0986496432
0980115045
0988036400
0984570044
0982090965
0986289605
0986528294
0984066306
0988961865
0985847794
0983974493
0985096053
0985808470
0981640485
0987904477
0980237048
0980222371
0980169440
0985491021
0986244980
0981120836
0985758234
0983199660
0982836771
0989058039
0987446697
0986919577
0988356257
0986431071
0982719717
0988846612
0980271276
0986547403
0988047504
0985746863
0983670677
0987739357
0983697813
0985429678
0986818441
0988518666
0182264243
0985705598
0986513329
0985963112
0988697787
0986112300
0981470841
0983609960
0985471894
0987519149
0988404225
0986410462
0989117818
0985242874
0987178802
0986314258
0988706772
0984365176
0982820575
0982529494
0984399774
0983539861
0984142021
0982910771
0587286827
0968950111
0986141202
0986734112
0984974160
0983603438
0984262536
0984975801
0988368311
0982806573
0984739443
0987813940
0985143251
0988918354
0982928261
0988135022
0906656160
0987014601
0985093096
0987029826
0984605433
0986084285
0983492222
0986084668
0938570397
0987162645
0982128519
0989437417
0981400191
0787930370
0983488535
0987798698
0984038063
0989503940
0980809030
0986179834
0989995253
0984296385
0983599398
0986993745
0683723205
0981322215
0987305144
0986402200
0485787886
0985627123
0983618233
0986777055
0987490416
0985702948
0988730253
0981798761
0983692861
0986002523
0980377047
0987878914
0985067260
0935336984
0980022610
0983927640
0986835570
0909182442
0983522786
0981815056
0986614408
0980119839
0986609036
0985073009
0981345087
0988128784
0985296336
0984787116
0985975907
0981045549
0983349023
0981091767
0988129263
0983736767
0981736897
0985119469
0987372273
0988516107
0980679407
0089938930
0983089398
0981298226
0984195337
0338725549
0983923769
0984506018
0982474070
0688659210
0983650786
0986627878
0981402191
0908093554
0989709072
0983272389
0987129495
0981991627
0984464844
0986728542
0986962990
0967210452
0984544792
0987149799
0962699923
0985028901
0983583131
0988916239
0988326528
0989734713
0983943836
0989720358
0984212546
0988070884
0986690396
0986567301
0985704979
0984158239
0981605032
0985646091
0980499907
0985392019
0988856002
0988888966
0980116880
0983711860
0985752993
0989185605
0988704714
0983931400
0983593003
0988780664
0985019718
0989843587
0988698650
0982914599
0982530797
0981309376
0983472456
0984234706
0984039346
0984385759
0984551989
0983519393
0987193407
0983102771
0387882907
0986188907
0989419728
0983985331
0984397508
0983528075
0988946961
0982433808
0987053221
0988727398
0982959476
0985160641
0982647245
0987721081
0989899088
0982093769
0980869619
0985526829
0984219305
0983177626
0980403156
0987313771
0980482988
0981755694
0989529530
0984702761
0983635550
0985457891
0980918826
0988058668
0983863893
0987591117
0937141059
0980568168
0980936233
0988306568
0923081929
0985526967
0984254630
0987253285
0985181082
0989740220
0982282274
0986939415
0987028988
0919587088
0983149747
0939376179
0986186946
0908137413
0984330967
0983334632
0353486194
0982419096
0985572319
0980588008
0943953932
0987685865
0982085100
0987435389
0987410772
0982344181
0985441023
0987306118
0988192839
0986953180
0988668672
0983887760
0988024735
0989259566
0981143296
0988271811
0985172543
0986672244
0988753397
0985404941
0989137082
0988515615
0988278061
0982192685
0986386764
0985865956
0985542888
0984778097
0982936299
0987717393
0988954553
0988719998
0989766061
0987012104
0986278687
0984402522
0981157042
0986146002
0981424636
0984312279
0984308406
0983611772
0986107604
0985370788
0988273150
0984073238
0980589246
0989384061
0988686753
0983088932
0989637928
0784526691
0983204632
0987407730
0989962501
0989088387
0980655651
0985388876
0980633828
0987634055
0990540096
0933191319
0982051837
0945053437
0989057267
0988749850
0989928032
0984096111
0980233113
0987954388
0987391217
0987914850
0988353880
0984715258
0980262013
0988415195
0986414376
0987389074
0982111053
0988231862
0987235417
0987445014
0983267539
0985779506
0987696545
0981654938
0981167231
0938212465
0938664702
0977039223
0986198910
0982481048
0985252491
0984026960
0938196195
0987161678
0989231320
0982128815
0987764748
0982766895
0984033898
0983995549
0980849960
0984855582
0986574840
0987018193
0980858338
0985893724
0980464767
0983745519
0988891588
0984115673
0989152229
0988494386
0987403989
0986672242
0989428683
0988173401
0989369191
0987304769
0981882463
0982454846
0981449599
0985458378
0989363133
0987972783
0938938052
0985952276
0986746159
0982865897
0981539411
0985210431
0985126773
0923519437
0988227163
0981390991
0986358117
0983368247
0984523580
0986358143
0987474253
0984511060
0980977813
0984938324
0985735400
0980520361
0989631509
0982930620
0988126642
0986537407
0989981540
0989319655
0987702930
0833899148
0989761655
0983324099
0985818321
0988567744
0980512439
0980280614
0980129948
0936556699
0980565405
0982690525
0985149333
0985630304
0985651526
0989012569
0980077053
0987077052
0983576975
0983531917
0908826663
0984081328
0981387408
0982005176
0983255812
0985314483
0983163809
0982394447
0982093838
0986213804
0988863900
0980071195
0987842211
0983542095
0983453342
0984664725
0980117895
0983047058
0981379581
0981988087
0987274646
0984634714
0981589030
0951265502
0995022951
0985263875
0988139363
0985849409
0989114956
0989840089
0989076515
0981333333
0989480754
0958362154
0985819289
0982377021
0982767853
0982875350
0986914971
0986945231
0916701956
0986556529
0985512933
0984146127
0987138474
0989321228
0980572229
0988828750
0984666888
0982599740
0988274810
0980365768
0989753025
0982222690
0983507640
0980138324
0986155551
0981766940
0855445452
0983436459
0983377263
0985198081
0989142937
0989705706
0986469555
0983035517
0986405300
0980276132
0983900558
0989937801
0984724141
0988097921
0989630035
0983685595
0986297562
0989887438
0981544510
0781693113
0989742652
0984659145
0981390179
0986248833
0983563680
0985440528
0981472677
0987226098
0986230930
0987464560
0889338213
0989067737
0984158970
0945307425
0982346781
0984025740
0986004200
0983061460
0985659619
0984749840
0384995227
0982958550
0986907710
0987849387
0908396287
0989978284
0983562138
0984474669
0985735010
0988879135
0984374006
0983604496
0913132124
0983312688
0985467355
0988012233
0989793660
0981976285
0988716325
0982839547
0983533867
0980680123
0980435451
0984044375
0982844708
0981100295
0989895050
0987409528
0981565882
0982332235
0988766580
0988261713
0988544827
0984162874
0987178669
0983965972
0986778152
0915202336
0989027216
0985491096
0985506046
0989425138
0980720799
0989413484
0983599154
0987519861
0984923116
0981987456
0984043474
0985603461
0985847356
0986303849
0984697131
0988639157
0987084948
0989012281
0983030471
0989786392
0983538113
0985201824
0987289795
0983237051
0983959322
0982431322
0985045332
0985217237
0989055575
0985638073
0984804973
0983665764
0287640035
0989414504
0989216190
0686752988
0986979076
0981656821
0989123619
0916476607
0985378740
0923722306
0985429839
0986022750
0909526841
0975252353
0989196721
0988758026
0980129591
0984488871
0981593025
0988843279
0986689767
0985439204
0980330499
0984300582
0989535004
0985139556
0987370222
0980760204
0986307413
0988254503
0984091281
0985982945
0989302584
0989150964
0987039097
0989318393
0988007305
0987637098
0984146343
0988582445
0986064627
0982699787
0986616141
0982186551
0988943496
0982393535
0986175912
0932736638
0989629219
0985555316
0984354616
0943051759
0982966482
0986771224
0981240349
0989374536
0988483527
0981600929
0987700120
0989823113
0980745296
0989924072
0982496893
0985060000
0988234766
0981151098
0987881980
0281489416
0983937909
0987692861
0986091358
0981709755
0489394949
0986744548
0986361595
0988918929
0983444795
0955999724
0982704642
0980687567
0983231144
0984796665
0988590826
0988479461
0986063994
0984843634
0984564032
0586008856
0980876596
0985384241
0983488493
0988825415
0981618751
0981760046
0983358266
0983359268
0980412910
0986686782
0983473867
0986026122
0988513059
0985451077
0988878394
0983481584
0984921923
0905124728
0989365820
0982637297
0986726991
0987161201
0985457104
0989061361
0980576910
0985419700
0984798106
0987278427
0984049928
0918337286
0982203837
0982380260
0987739741
0984124950
0986724721
0788894848
0934085306
0980113165
0988631347
0984348912
0983013075
0982108993
0380442031
0985613664
0984065828
0983936950
0986357169
0989368748
0988759147
0987230135
0980995229
0989226330
0984509211
0985403095
0985422715
0980924227
0987773710
0981765772
0989315589
0982302816
0987897349
0970863587
0984613201
0981335437
0982375334
0980561084
0988345908
0986971417
0988010576
0984785420
0981321076
0908071594
0985094514
0985182271
0984001815
0986911000
0982870134
0984647732
0986398893
0989873864
0989565971
0982237470
0980937028
0915921390
0981095071
0981107594
0986836353
0988823972
0981638042
0982540472
0985474884
0984397966
0980436104
0985450390
0917001143
0988472302
0988226963
0984949383
0980486884
0989595802
0985148243
0985638227
0980451981
0984467963
0987527563
0989396878
0988568955
0984170107
0981237441
0988838734
0988729432
0984805059
0984105860
0983886049
0988980440
0980870953
0953766334
0980865873
0983443224
0983778889
0984904553
0981893046
0982306204
0988537661
0989138400
0984496624
0985477407
0563540679
0987202057
0984193343
0988501812
0983198730
0933031045
0989003192
0985677334
0986644228
0980104128
0983050277
0985108712
0981098529
0987885177
0985335066
0981059204
0982926542
0983365526
0989185945
0987632353
0985664555
0985854642
0985642648
0982147424
0989349711
0984759342
0989528381
0988305239
0482295718
0980832045
0987000589
0985297153
0986263534
0987845279
0981619166
0986822409
0986860052
0988555570
0988434658
0987381191
0984224046
0982002549
0985932024
0983603263
0980379513
0985382471
0985720497
0918671903
0982612203
0988376035
0988759807
0983107325
0985083862
0988509154
0988242228
0983150444
0983686765
0982306745
0985869682
0988819308
0988082096
0987364512
0988863797
0984361663
0980870073
0989148076
0987601166
0981062862
0986146827
0980090982
0925677970
0985303248
0983908459
0985189437
0989862149
0989880601
0989508969
0986938205
0933971822
0989257376
0985994844
0988385490
0981144259
0980666033
0987462672
0986022273
0982048086
0354059623
0988505667
0987647218
0989020668
0980947980
0985529787
0982883506
0982297350
0984438103
0988807011
0983798877
0986735251
0988199987
0987802419
0986692134
0983993942
0982590216
0981242767
0987683073
0988800650
0987663960
0989657783
0982946660
0981037315
0986478489
0923260550
0981715044
0984409009
0980414277
0983764913
0917978239
0988887453
0988300055
0982897603
0989369131
0986183069
0985780153
0983334191
0983211811
0985225251
0989849211
0988414554
0988057257
0985339560
0982261637
0924970326
0983414130
0988044004
0988136342
0946799768
0986111580
0986263481
0984553893
0985180272
0789222235
0489583479
0984866282
0987887320
0982530772
0987466737
0981764236
0981593445
0985200636
0982507571
0986991765
0982327841
0981772320
0987624274
0982919679
0987758836
0986454334
0989497727
0981669038
0987391103
0768535567
0989495582
0989258768
0987329785
0989188409
0988473451
0987432653
0987040761
0986108464
0983142496
0987631379
0989417851
0987267719
0987395152
0982272216
0287817985
0984813901
0986300014
0980279331
0981947228
0984716795
0988973144
0980390290
0982794837
0984009612
0984141324
0985692361
0989863395
0985564536
0926346787
0981968885
0934686594
0983860345
0989661794
0988136986
0981252803
0989956843
0986057921
0983540828
0984267400
0184159784
0985047589
0984901761
0987988158
0986805282
0981715723
0981986824
0984103317
0984778239
0987068162
0980700107
0986071944
0981821963
0986072556
0980467497
0988432637
0981140297
0981714460
0981217982
0988437561
0981749048
0984463805
0988410664
0980690622
0971525308
0984142505
0987426461
0988300394
0986150996
0987237868
0987840609
0987259140
0982248347
0988678794
0968795358
0984535718
0985365358
0989069523
0986955483
0982446437
0987693779
0987141354
0989830186
0989841618
0988606072
0903669607
0984740200
0983873843
0988091424
0986473784
0989907411
0989974914
0981668382
0981486383
0987475374
0982761861
0986131111
0985270875
0986246114
0989688999
0981609515
0988280298
0183947230
0987229459
0985655551
0981348096
0987398414
0988549676
0980242911
0950457856
0483329173
0983894590
0986172993
0983078361
0987994723
0945565593
0988527767
0981409599
0983497423
0981693788
0988949015
0989007396
0980198267
0901378615
0984895446
0987087519
0981286078
0980079870
0969804337
0708888779
0986867923
0983155930
0983913301
0996931268
0982640670
0954507467
0985582347
0984869481
0988245612
0988607777
0988736594
0988882876
0982345011
0980942371
0987740194
0281781077
0986185880
0987229089
0987751920
0988599480
0987287463
0941467804
0985941080
0987441577
0988798988
0986097614
0989188552
0985074358
0988867625
0981287234
0986776648
0973413290
0980669820
0986161598
0981245572
0984663008
0680921754
0983665149
0980378549
0982764905
0985858792
0609130672
0987975135
0986551304
0989891622
0980477022
0989842022
0982947617
0980492926
0987089123
0963622259
0987590095
0989876719
0988749325
0926496624
0989599619
0984368805
0989046666
0987863371
0986470500
0985838030
0989614606
0982105983
0988549597
0987508794
0983154697
0989350310
0982512585
0986061425
0986902682
0986910586
0983962377
0984049060
0986870462
0982354821
0907456719
0984132696
0982861303
0985503001
0983885301
0989886663
0986001526
0987616514
0985300961
0989394092
0985011433
0983993343
0987204681
0989111362
0984739109
0988296045
0986702383
0984723731
0989676166
0982767569
0984307109
0984414104
0983331714
0373164185
0989178415
0983843313
0981823707
0989351513
0983026043
0989557239
0989640006
0982978216
0986014370
0789281676
0984659782
0984489001
0988973278
0988225976
0986231093
0958060029
0985435493
0988784726
0982698767
0983684502
0983112053
0987041892
0981158337
0988181738
0980473224
0980775077
0987371075
0983418633
0986647194
0987986139
0983569103
0982532713
0988689163
0987322653
0984129442
0980770747
0984178259
0982677366
0988751190
0980500221
0980044734
0980301508
0989420076
0981921796
0983424325
0985318844
0989572468
0985788910
0986985453
0988627701
0989010605
0989440916
0981190401
0988943651
0982022052
0980629447
0987106691
0983292278
0980748159
0983742746
0984658341
0982511327
0984352663
0984591797
0985940997
0987486615
0983503314
0989765927
0980384702
0987033921
0981073985
0987635591
0987047236
0986860948
0987865241
0984100753
0987699755
0983262072
0987804046
0988550109
0986630538
0987707092
0987172650
0986788085
0989779466
0986730504
0908348991
0988743179
0988709535
0989293213
0988480676
0987985979
0982649515
0987472271
0987281035
0981780689
0983015168
0989636273
0984723743
0981043975
0979581579
0986400971
0983206794
0988152039
0989237590
0989087481
0984947488
0984635270
0987397925
0987480431
0934332049
0987103781
0985738436
0987729809
0989422919
0981259539
0985965208
0988481688
0985500142
0988507259
0986012602
0984015828
0983852706
0983141626
0989807345
0956868119
0989105771
0983935575
0980534685
0982345000
0988145888
0989770905
0986251249
0980038777
0986215341
0987814111
0988794948
0908211447
0982596816
0989474250
0985089569
0981646037
0980255060
0987769298
0984825467
0988738350
0980401653
0989816161
0984025741
0986962752
0988907088
0981060041
0986422628
0985163532
0984495043
0985898345
0982692462
0981259455
0919746845
0981785875
0984497549
0985335420
0980823989
0983881879
0985898887
0987144579
0980519494
0980805959
0987155687
0987676788
0987503812
0983675026
0887473839
0984793815
0989767134
0989383612
0983823901
0983443002
0981379169
0985881099
0984247555
0981793555
0908225107
0987722935
0987399565
0084305729
0485977583
0986836834
0981330300
0987401367
0988390943
0989359263
0981276379
0984079064
0983702718
0688652576
0980564897
0981693570
0981241034
0986372486
0988965601
0983446873
0980061969
0926613590
0985197708
0985097034
0987276649
0987024170
0986787214
0989612234
0995989040
0986673626
0981594956
0984888475
0986824427
0980734141
0986135698
0980939767
0988467430
0984304076
0938088924
0986674661
0982123048
0987154101
0988559868
0985386763
0981391475
0988221207
0988720015
0987620019
0984268964
0975709040
0986512252
0980721103
0985749314
0989007552
0984576472
0986791121
0980240352
0987031138
0980558836
0986593177
0987347097
0989410361
0985558351
0986993879
0988222457
0985838280
0983558739
0986398766
0984163876
0988206457
0986396925
0984858630
0986614716
0985893757
0989773336
0989125457
0985697110
0988759374
0985080132
0688739371
0989107292
0982001372
0989093195
0985925765
0984586038
0182787475
0980525520
0986728897
0988338864
0987884776
0985001273
0988764110
0983099640
0995246543
0982494156
0988518296
0981644827
0987723828
0980013905
0989693044
0923329559
0983903099
0362009269
0988976126
0989414159
0982535260
0989048838
0987855492
0980912580
0680008728
0984003444
0985410007
0986711566
0849528969
0980756883
0987736765
0980248486
0987751214
0982234489
0981028343
0986499184
0984067465
0986815406
0983984962
0986682636
0986989670
0981627895
0988437328
0982580540
0980163999
0983975326
0986187371
0981019344
0982281365
0988409337
0987007310
0985582633
0985440744
0988298254
0984816998
0989399113
0980603687
0954997121
0985460211
0988824835
0989214918
0985895931
0987213527
0986984099
0980027292
0987496681
0988340858
0988831606
0998677104
0988928761
0988601977
0980306108
0985899857
0986264387
0986533002
0986455265
0983378609
0988898251
0983074041
0983698511
0989485235
0984750750
0980149146
0984533568
0986631089
0982424011
0988335564
0985183805
0988617786
0985789893
0985970302
0985122238
0984145543
0981886686
0984729494
0986598510
0980904163
0185081903
0984101120
0980039762
0982368838
0987920753
0988229762
0989618803
0988465574
0988612890
0980801386
0988994431
0983637440
0989577414
0989555530
0987516969
0988422556
0989172594
0987792328
0983803475
0980644934
0985055813
0985338265
0988043717
0989472283
0988610812
0983833353
0988458215
0989377298
0977130720
0984581479
0982794670
0986349635
0982408488
0983287487
0980622809
0981767184
0986392681
0984761292
0988719624
0981007042
0983728241
0987029982
0985968053
0988253863
0989814851
0957747529
0988420445
0981509851
0988626493
0984388179
0983832451
0984895877
0987816026
0986673075
0988833057
0989139601
0985915011
0487743151
0983952423
0985704788
0982303490
0986729921
0989725911
0980957819
0989686650
0986967870
0981080753
0986148359
0981596465
0984725910
0980065860
0983410072
0989579802
0984397643
0982824362
0987844045
0983624397
0947067270
0987046210
0981360494
0986954222
0981909669
0989064877
0982762815
0982575038
0980768990
0987188798
0989656879
0983393153
0989321794
0986421175
0989234760
0987316315
0989143236
0984588020
0988197061
0943180435
0983496562
0984540203
0985146215
0988102289
0944447277
0989000369
0985369169
0985286302
0985196887
0982750438
0982071046
0984564950
0988883224
0985985683
0988554356
0933132838
0901829292
0985510362
0980962491
0948649957
0588090479
0987064611
0984225017
0986835119
0989628236
0988201651
0985003827
0989341057
0989896474
0989621125
0988034822
0986808874
0982308865
0980368989
0986076089
0983601173
0987324677
0984223931
0980312137
0985756227
0184522374
0986016044
0983947958
0982779640
0932051533
0909916737
0989823396
0989555233
0986677741
0984891195
0280964602
0988647463
0589147987
0989639636
0988237220
0980258052
0922670269
0986232422
0988828555
0987470154
0980431728
0989207483
0981295110
0988332084
0989408487
0985555154
0989230401
0988179832
0947978055
0987908767
0987164270
0964463864
0982260956
0988622631
0982430681
0983439769
0565905235
0989593123
0986290483
0984084192
0987892082
0981783457
0997283218
0986518555
0981021573
0981561990
0988456909
0985491631
0989422942
0984398487
0987531240
0982635308
0982789208
0984893304
0989216889
0989202392
0988578424
0906790510
0983481570
0984470114
0909215603
0986111302
0988118485
0947067725
0983252768
0981267638
0987333028
0987267336
0903660973
0987939083
0987754611
0988533276
0987765334
0984092923
0186828844
0984936528
0903150107
0988411039
0080306844
0988540140
0985456968
0983162110
0938040418
0987757040
0984922857
0987171797
0989118188
0980202261
0984499192
0983489178
0985947154
0984415638
0980179274
0988182450
0987948924
0906269607
0980074540
0989828807
0347034353
0988644089
0984115620
0982767705
0986073366
0985001880
0987843228
0987160559
0982586019
0985677528
0988121283
0986879062
0986331948
0984040491
0988200434
0980156793
0985215494
0981177454
0981160721
0909810526
0980026744
0989380057
0886331984
0942674175
0984411848
0984815052
0981112852
0984284716
0984520518
0988927595
0985149426
0904272151
0981420037
0989556342
0982284935
0705701361
0904649547
0983755232
0986384142
0984424155
0987875652
0980649856
0984644391
0484907828
0980104016
0984324131
0980122334
0985119137
0984695165
0988909556
0988041840
0985473822
0984862081
0986188410
0987713575
0985756395
0987983039
0982108062
0987657320
0987682778
0989888955
0986720474
0989833450
0985761487
0981294249
0981150117
0983919515
0389250861
0988842604
0974024494
0983222578
0981940091
0988550598
0983828193
0985134777
0980638288
0989699262
0986716884
0986928563
0989144866
0983738859
0981003357
0985952111
0983636035
0985147020
0981410976
0988609610
0987978972
0982855827
0088437024
0984187281
0988442123
0989461593
0988333296
0981597993
0989525853
0983721102
0984417026
0984583581
0480530403
0989624158
0987394919
0982563820
0985717148
0989074012
0983848751
0989685974
0982992483
0985193403
0782311126
0980318436
0985560707
0981451396
0982851797
0988616984
0985792917
0988018296
0984841089
0985002197
0985737839
0987949405
0986202491
0984401029
0988934744
0989546064
0989259275
0988351194
0984017248
0981213184
0987701627
0985805026
0980607324
0984729469
0988850971
0986373081
0986871091
0984477112
0987432484
0985829686
0986894464
0682823561
0984677110
0984342843
0985686011
0986393529
0988523440
0987655103
0982146577
0989982240
0987804669
0983522291
0988446546
0989033355
0983366850
0989171470
0985448312
0987645452
0933750107
0985874180
0989636699
0985947289
0985555881
0980302799
0987766192
0988047929
0985056226
0984652283
0989541709
0983736005
0983513962
0981431768
0986266515
0988446695
0982126532
0985999683
0983966245
0983428696
0988988478
0980484828
0989407317
0985060519
0982679251
0983039405
0983852673
0989193498
0987433740
0982859787
0989706323
0988422849
0987619045
0987386641
0985976207
0980366786
0989253323
0938972182
0984349933
0984576154
0983817101
0986692871
0984659501
0901842156
0377515038
0989482997
0984336450
0989334220
0989557668
0988909154
0987405781
0980801075
0980647047
0980583792
0988158816
0981549788
0982392902
0918869615
0980724505
0981003750
0985335948
0986189404
0925592990
0989500521
0983317330
0981513472
0982480948
0988487744
0981990797
0988907887
0489154473
0983514425
0988249964
0980827582
0985325051
0987130446
0987390108
0988635834
0983642329
0980260207
0983878088
0985102357
0985034060
0966942324
0987214847
0989109030
0962551118
0353698021
0981815933
0988243162
0987468045
0980199494
0989874332
0988233608
0986083973
0985639518
0899428418
0984674408
0954465856
0983243400
0989032940
0981743602
0984227724
0984400680
0987648052
0585052854
0983866996
0983649471
0984056126
0988883829
0984460891
0984127546
0946222248
0984873917
0984859428
0982496593
0988478223
0983973142
0989110313
0983269069
0983711274
0980885592
0984287411
0789760095
0985064879
0903772771
0983518958
0984870882
0987908759
0986629375
0984152500
0986783592
0903578059
0986208673
0980405735
0984995528
0982301576
0983585063
0984395306
0980259277
0983350611
0825471242
0985348800
0983950294
0984509543
0983350915
0981839261
0981869590
0981925236
0981478195
0988542932
0919884162
0980887149
0986959168
0989361445
0984617630
0983149069
0980062322
0986189446
0787827436
0989692979
0985980678
0987689671
0987416799
0982936241
0989879056
0987020119
0982209275
0983197091
0989646725
0984384461
0988171982
0987800097
0985162296
0987037383
0982069918
0988474752
0985537663
0980705405
0982335774
0988929921
0988450567
0980509272
0993644818
0988565486
0989536381
0938633441
0984007040
0987570073
0988916692
0988276337
0986422248
0985017249
0987480024
0984985091
0982885354
0989322127
0985201613
0981804672
0988220016
0988181670
0984699365
0987068951
0981536465
0903611783
0983644200
0985343482
0985545274
0980067804
0986923116
0989140022
0985376033
0987105343
0984545440
0982941458
0980016637
0983831018
0984822562
0984305109
0988031395
0989430150
0982183423
0985340792
0987568118
0982978197
0982893913
0989321862
0986355297
0989639238
0981847816
0985769546
0981940540
0986641209
0984699577
0987412363
0986930571
0988145410
0989495081
0985227227
0985882909
0983863994
0985758895
0982277148
0986733645
0922659391
0988474794
0981767318
0981239327
0523973270
0984353773
0988944294
0989039464
0989035011
0981125851
0989611097
0980578036
0982437762
0982833041
0984719139
0980484681
0988500729
0984464843
0987691371
0989945664
0984759474
0983975022
0987565838
0986444747
0982124408
0948930083
0984410214
0986980216
0982169485
0906281105
0986555077
0986169735
0764687499
0985034795
0989920542
0988849049
0987937697
0886769559
0986926756
0984566432
0985844117
0986993264
0980849447
0981377924
0985406830
0681094001
0988023129
0988148556
0187781814
0983187155
0982781427
0989106139
0984309250
0989351181
0919152142
0985308695
0982281430
0919561548
0988873448
0982193565
0984822533
0987413083
0988887141
0983888291
0988245778
0987411605
0987134508
0980261686
0987794267
0088127088
0975220448
0988166995
0983552876
0981524870
0980206307
0981142685
0987316039
0987511881
0988363871
0982096086
0959238785
0985437292
0987338589
0984739966
0989580423
0981554933
0986101683
0980480005
0985859552
0987445881
0982827420
0981389450
0979742771
0566716089
0965297483
0989157524
0987227716
0989229147
0988012732
0985026435
0982844822
0984975957
0988199119
0986661243
0983797065
0980962598
0981981696
0984857012
0984384752
0989117342
0365997295
0989486321
0986595305
0984661539
0983752093
0987841090
0989295869
0986775777
0985659910
0285043639
0981088721
0983614342
0985763516
0983805699
0989538055
0988121059
0984647465
0983647759
0981224877
0985839001
0984716164
0985656336
0982110255
0984076425
0983585428
0984291967
0489748801
0989913288
0985752915
0985263252
0989236921
0960602479
0984359065
0983055665
0988346551
0982087635
0305091085
0984369308
0987286749
0919547672
0989346183
0984619667
0980359099
0986002851
0985042614
0985625815
0981126080
0989738297
0981508916
0986218208
0980217105
0986346049
0985304217
0881374704
0985514764
0986823138
0988654520
0981893530
0986701756
0985148575
0954512394
0989996403
0984201871
0987795352
0983774745
0988056658
0981638822
0984162217
0983068224
0987548077
0984078592
0981561383
0987037812
0364458924
0980839072
0980606534
0980491376
0987759833
0989370224
0986646824
0980221143
0683590461
0986920112
0985256378
0989647189
0986897076
0987441304
0987251181
0989796145
0985542383
0982569078
0973233651
0983508466
0980115517
0982616256
0983368002
0982920825
0985927138
0984038631
0984988210
0982087776
0931261599
0986994275
0980934110
0989333511
0983167453
0980498407
0987674614
0988377417
0906631294
0985841271
0985572449
0989003397
0985918724
0989355272
0981972740
0988769669
0985155493
0988073314
0988477780
0983938427
0983272276
0981827374
0987714699
0981639871
0987922883
0987890732
0982828434
0985565850
0985551085
0981507541
0980943699
0972868073
0986363220
0984092235
0980360031
0983495852
0980343641
0982128046
0980139850
0988283888
0961368613
0986884076
0986975757
0987212305
0982039095
0982038083
0984906788
0988085199
0983166048
0983932367
0989979703
0983609902
0980587276
0983290320
0984233640
0987004852
0966660949
0989517164
0982108443
0985864113
0989824973
0989623456
0985687291
0989802884
0986186326
0989618816
0984520929
0988361462
0985222691
0982291862
0081167103
0984920923
0986037216
0983924695
0981582665
0989020358
0980244106
0989694651
0988065904
0985767676
0984698127
0983417870
0981664797
0984817171
0980689050
0986618900
0986701748
0988352630
0982759484
0983334680
0983158517
0985678607
0980019829
0987841256
0981083156
0988432153
0985200831
0946705592
0981225012
0981401380
0983923473
0987070710
0986928364
0987244262
0986323362
0948961607
0985983338
0986676430
0981457983
0986102725
0982806952
0986225543
0981768275
0987273075
0984709792
0987711906
0986300560
0983942517
0989382002
0987652440
0986469128
0984766277
0988220686
0989915020
0985885827
0980420248
0187324752
0989565446
0987098177
0983883543
0986012188
0985804916
0980528954
0985350436
0981056965
0985844942
0986086503
0988187990
0988499254
0981862599
0988877901
0395142049
0983331541
0982203177
0982016187
0983887529
0989483978
0988904460
0982525239
0983480236
0982831993
0988952466
0985975113
0989903523
0987537276
0983949906
0988944364
0183114902
0899713764
0989448390
0987108320
0980919373
0982539776
0987853547
0988803615
0983353833
0974310720
0984296783
0985568536
0986162273
0983543817
0988025179
0980500597
0980818546
0987243736
0984952424
0982646831
0983742593
0981122272
0981367573
0984715457
0982046124
0986162655
0986238110
0986490322
0984053737
0984055492
0986623461
0983305559
0982293118
0936160363
0986289445
0983396091
0987936779
0987849000
0986710548
0982760767
0988663224
0988833445
0987707405
0982814756
0980796351
0684788191
0986327407
0986834155
0956490265
0338269818
0989290031
0983709851
0989337543
0989155848
0986763605
0989146070
0917053193
0981570714
0980846688
0982951374
0983641806
0982328304
0984367905
0989049952
0985848460
0983287204
0981579535
0987233437
0985957520
0559945202
0988041689
0980640439
0980234278
0906086865
0989401347
0999589597
0985259215
0983497053
0987015507
0985242696
0981308983
0986931643
0983296679
0983462711
0987869841
0984777516
0988416256
0987056447
0983261432
0909911054
0982648891
0981539608
0989802642
0980694545
0983473163
0988976599
0988353510
0988955631
0985577576
0986901451
0982118303
0985436294
0985492476
0787640917
0988979879
0907267266
0988479505
0964223099
0986592588
0980193272
0981206156
0986310649
0983158622
0982749323
0987648147
0986034268
0989960598
0982690197
0986282294
0980562785
0986055731
0987246696
0983285175
0980382553
0988695090
0982315424
0980289393
0988085358
0983544083
0980563615
0979792585
0980791348
0985062401
0989617123
0984336707
0985529343
0981405893
0987432779
0909129099
0983304759
0707484557
0980206107
0980356847
0985036046
0989064143
0982432902
0982052974
0983709431
0796566366
0988893547
0984247392
0984030188
0980418137
0988392086
0981542194
0987850250
0983921841
0988063500
0985716662
0988124650
0988392443
0089114280
0983514676
0987971712
0984872607
0982630696
0989777063
0983323942
0981470542
0980624651
0989283608
0984291893
0988235198
0985275536
0982507459
0985610733
0982480793
0986157122
0986052818
0984514744
0989739084
0982849318
0988845131
0981138010
0981585360
0981300377
0989238220
0988092050
0089913940
0988165956
0985228533
0989282917
0983182567
0987597951
0885821554
0983406138
0982455501
0986566217
0985856686
0981921739
0986203626
0984347683
0907738763
0983332523
0987860291
0995489113
0981675781
0980911048
0987992681
0985892458
0989358862
0983606739
0985363933
0984822806
0987201610
0981868013
0988891968
0988800380
0988810817
0983865239
0984168604
0680857143
0981820595
0984147790
0988544340
0986262749
0886634722
0988613740
0985004829
0984898046
0987009299
0980544611
0988985207
0985617483
0985057580
0989508239
0983865975
0987228906
0985507597
0966354913
0982709282
0989223843
0484337813
0914933766
0901312226
0986633458
0989308058
0987685429
0982791484
0981221627
0982423189
0987517991
0982522815
0980583698
0985840358
0983963172
0982641679
0988415054
0983489093
0983493526
0986169924
0984420049
0908930396
0807097628
0982318741
0989365431
0985016477
0970049280
0985832759
0986694327
0987067264
0683916935
0981477245
0984014210
0982186771
0988970434
0985830608
0903671412
0981517627
0987294032
0986104260
0982443262
0982075043
0981694203
0983692454
0983605841
0980940384
0984254874
0981305846
0981135581
0986423324
0988010537
0085454573
0932092422
0981417739
0989608735
0984176823
0985475769
0908080806
0984068041
0988141934
0983422399
0981518927
0983291395
0982537991
0988546315
0989859562
0989163083
0986188097
0988570960
0983322402
0983801517
0984039533
0986645712
0986310227
0985323823
0989974697
0984924251
0986596815
0989765289
0987278611
0984655578
0988116951
0985238093
0987107365
0981154062
0989060271
0981697159
0983671514
0988096397
0984920837
0987206474
0988585681
0983653804
0981360537
0980576490
0984331095
0982152018
0985445935
0987582230
0988606860
0988117267
0985759697
0987499253
0933757137
0988571691
0982681238
0987431289
0984582033
0982401708
0980143210
0980903140
0981230293
0988819485
0984660967
0983386465
0989268964
0983614205
0981949102
0984178583
0982553073
0982673593
0987804124
0986467676
0986787390
0984808904
0984753008
0982619087
0942431038
0985018507
0989519906
0989582054
0989242529
0982732526
0987683113
0938115405
0988380786
0988561297
0981985768
0981143212
0983442309
0988088708
0984575075
0986498276
0984399698
0983877736
0981962962
0988107881
0985015187
0979120871
0983348140
0986185343
0989932177
0985958030
0983618525
0980719893
0984569023
0984342156
0982647516
0983953920
0989845396
0983955611
0798855799
0284445293
0982410456
0938066207
0985914222
0987787734
0987266564
0983679674
0988571418
0984536291
0986264504
0982490011
0984549484
0986002710
0982269955
0986791504
0981065739
0985290607
0988496708
0985551431
0983191352
0182875335
0989070676
0985153708
0985147728
0980892202
0981464320
0982239250
0985634789
0982346668
0987254755
0989126494
0982214398
0982250249
0344279795
0773317282
0987909505
0981278578
0989033093
0935284315
0985499707
0984038275
0982044401
0989296872
0988042663
0902320778
0985374340
0985251730
0983316032
0986418026
0988641566
0980988431
0886974643
0983301548
0986988174
0960339262
0985863340
0989223918
0976602922
0989849573
0982001355
0598291748
0989947724
0985548227
0984072376
0985588728
0983487929
0884321890
0981910835
0994303603
0983720322
0986339584
0984820811
0566716343
0989672568
0987584459
0988065354
0983141349
0981831705
0989142088
0986584068
0982166131
0984026442
0988561981
0980613710
0986728252
0987440401
0981550372
0988418649
0337461072
0987429195
0680672051
0976256061
0989784923
0987093109
0918986635
0989303677
0987915095
0988321190
0988349830
0987098728
0985510401
0981196071
0688907947
0980065844
0985293865
0987664695
0987442428
0987317191
0986972342
0989362751
0983292695
0908898644
0485593532
0984602812
0987294996
0986313732
0988473442
0986115448
0984925748
0986603154
0913485503
0984800524
0988813918
0988129894
0982040436
0984835956
0980109114
0985451516
0981002317
0986392622
0983838739
0984080222
0985648583
0987400877
0983021901
0980881555
0985542932
0984900385
0988026836
0981269350
0987770078
0989137152
0886836343
0982228586
0982863688
0989769838
0981620636
0984589226
0983286090
0986850132
0988060644
0988868439
0982167197
0987237306
0985183139
0981564780
0952389010
0986905335
0988548860
0987559898
0989049207
0986251296
0958671551
0985798379
0981512696
0988501882
0984695584
0989898774
0988406043
0986643622
0988394077
0984746047
0983860654
0989995925
0983691313
0988338974
0984606000
0988273809
0917280139
0987476050
0980412511
0986975012
0989938159
0984938310
0987342052
0980666357
0980539515
0988062211
0986663300
0986631381
0986879633
0983330409
0980246561
0980939772
0940842616
0989404953
0287899701
0985561089
0908451753
0981876778
0988016499
0989259941
0989188329
0982570352
0984080480
0982957068
0985918334
0986362815
0985612871
0988787817
0985867926
0981540712
0972835637
0981222168
0984563810
0987927294
0983831429
0987092800
0086050410
0985452990
0982891095
0987139569
0987515898
0984763173
0987098186
0985846460
0985333188
0983367569
0984888971
0986585810
0986510944
0984142046
0983595591
0284378892
0982753190
0984164495
0986850884
0987529266
0984821550
0982344543
0985113435
0987020701
0981108400
0983584501
0981711788
0981109457
0984042144
0984088271
0985131904
0988215218
0935582493
0980399976
0988921856
0980542685
0934678732
0980589047
0984882122
0987765023
0984027214
0982007700
0987576369
0989813157
0984993520
0985690623
0982427605
0983335234
0989719784
0985783559
0985543998
0988247597
0984757737
0989989671
0986980321
0987750337
0988001580
0983504162
0987000229
0923522649
0989563946
0981982075
0985065200
0981050171
0983324250
0981292694
0981374351
0988889464
0981599486
0989086739
0989343110
0980152956
0988270450
0986649076
0980513016
0975226405
0980756235
0986412860
0981442797
0980634284
0984221137
0989498006
0989860089
0982521512
0989806123
0986143540
0985175820
0988148080
0986653059
0985713916
0989724432
0987326133
0986707851
0982505591
0987697064
0989647803
0763112721
0984103236
0987538495
0987477034
0983274083
0987182022
0988660282
0986948373
0980321881
0983313499
0985036692
0985958543
0987573738
0985106732
0980017102
0989172072
0988992452
0987315665
0980666238
0989748346
0981032627
0983588249
0986381295
0988207227
0985412776
0980876987
0981504855
0986818286
0983861717
0980728281
0980492380
0979562144
0987857524
0985138744
0980043191
0987879018
0987309918
0772471573
0788963182
0987373450
0988029810
0986431582
0985965179
0987644640
0984656077
0985978203
0984385258
0987605600
0984712575
0985329663
0981445588
0985431472
0982840364
0981895218
0082539883
0782222188
0985728402
0985990806
0981515170
0988594069
0988981721
0981235833
0980141235
0982091248
0988610017
0981313830
0988909082
0984088269
0983731128
0982906015
0988278969
0988486279
0988577667
0981135460
0985141790
0982786266
0981962554
0980876880
0982773886
0986630770
0989086511
0983845150
0586467347
0982301580
0898993263
0987651708
0981026970
0980646613
0983779349
0981154317
0987730413
0984214746
0982238381
0908372896
0982129862
0988560701
0985217056
0988295266
0922437476
0988193472
0989587342
0981336011
0981729996
0987317807
0983664430
0987252688
0981107514
0985444842
0985855637
0983053334
0980676313
0987716443
0982516755
0982563049
0984401245
0988607986
0988768413
0987982167
0909353159
0985950755
0983846595
0986178353
0982253812
0989694747
0980108144
0982160138
0988148582
0986857971
0981632029
0989726160
0987249322
0986748453
0982011950
0988677393
0988889583
0989862974
0988641414
0985153056
0981380399
0981854272
0986042710
0986062316
0980318755
0980828963
0982614003
0988664734
0983815828
0986632938
0981943759
0987929994
0989845240
0983728889
0984739295
0980313823
0986803240
0987162915
0987356844
0983446750
0983252106
0987694580
0985803646
0988121009
0986415069
0988513233
0980234130
0989885765
0986845554
0986918326
0987391027
0987102789
0985472270
0987927694
0984965293
0983631082
0982091548
0985418991
0981604802
0980069438
0988758375
0988306061
0989027327
0980673630
0980375037
0983662099
0981280427
0986695950
0982371838
0388980597
0987058362
0981959743
0980727426
0988300568
0988972623
0981631426
0987258862
0989830155
0984276339
0980409717
0989362996
0965001863
0988570519
0986080267
0989013254
0989553387
0980421015
0983015026
0985215900
0982241154
0989313828
0981606730
0987077672
0988742340
0988340904
0983775793
0981206182
0987054424
0931505953
0980495312
0984858404
0982057833
0988930421
0984670373
0984296919
0989334757
0985915286
0984144165
0986759965
0988927723
0983997608
0987607526
0983561891
0981070174
0798043976
0983746167
0989522932
0980373021
0983761786
0985971761
0989715920
0980487535
0984261492
0989898116
0985565322
0986269065
0986714602
0989219167
0988506652
0985386337
0985357115
0980991827
0981701082
0980738297
0483516394
0982007663
0981896691
0987022227
0987447351
0989351330
0988770467
0989556458
0986479997
0985860053
0989216141
0980410211
0988218538
0983347797
0984284803
0986117350
0984105887
0982183408
0988635098
0981501599
0981539638
0983850693
0988876699
0984685497
0982651546
0989451224
0988516037
0986159793
0980968277
0985404341
0987933148
0986865843
0956495602
0987220588
0989946312
0980189881
0983053497
0982869896
0987104351
0989174245
0987305242
0985351282
0987551359
0981804370
0981858119
0988024247
0982377242
0983580363
0986913654
0984932219
0984283511
0984056535
0986326981
0903915239
0989855409
0988461511
0984783847
0984225443
0982378931
0986252959
0983638082
0943941981
0986536462
0986660451
0986812465
0788667950
0982868304
0986848289
0987528963
0982151603
0981177223
0986201428
0988558424
0985578448
0984649427
0982058766
0988258800
0989687878
0989008582
0984022985
0988108919
0988024908
0986543726
0983888566
0986189069
0987861921
0988267690
0988299327
0983444093
0981416047
0984766168
0984846494
0984697661
0988476293
0981459933
0987585852
0981052128
0989631099
0985025478
0934405508
0984357064
0987882478
0988578674
0980718617
0981509558
0989879778
0987240494
0982570258
0981339128
0982370319
0981022262
0989375340
0986570716
0983804787
0987367605
0987403567
0986981278
0987324509
0986379653
0986431671
0986519243
0961035281
0984504579
0903191331
0984984523
0988105639
0984945109
0981276221
0923496461
0988131125
0985514484
0987462773
0982581918
0987486624
0986905085
0981546232
0984089586
0983591623
0988281089
0987005599
0983979431
0985857436
0988257599
0981108058
0987492868
0988920353
0989162420
0980939316
0984043480
0901485613
0981595683
0988141056
0980896651
0986122092
0987795635
0984836460
0980669751
0983878761
0983585698
0984677167
0980074461
0987736598
0983844664
0983569489
0981407701
0980402158
0986760636
0971149532
0982190338
0982206549
0908768178
0982897276
0989355290
0982126434
0988181420
0982369168
0984814899
0988666743
0983008042
0987303440
0986010938
0910510773
0987134102
0987504446
0987371424
0981381609
0987157977
0982612283
0922653673
0989973089
0986334924
0986697069
0988517841
0980351685
0983545474
0980036603
0985610370
0988178082
0952866200
0976898348
0984590464
0987440536
0989340924
0995558443
0980762495
0983125337
0988007916
0985407282
0987843769
0981748995
0985101364
0981635666
0987502297
0985098310
0982050404
0987567754
0986844121
0589078940
0981019712
0985634807
0980417816
0983266523
0989308336
0984321645
0986203531
0987888931
0989072422
0985842222
0980051595
0987125571
0988042781
0989612007
0984885032
0989838971
0988486290
0981050961
0981124062
0988270808
0982726495
0981963354
0975957889
0988351399
0983387336
0988431427
0983862939
0984625201
0988381186
0982689704
0986184809
0988768592
0981701069
0982600048
0982662781
0984320877
0991867231
0975810159
0912539763
0986994749
0987199734
0982072720
0983516098
0982632362
0982678686
0986838677
0988085014
0988871017
0986431346
0989744991
0985954894
0983430798
0984824311
0987969259
0985322819
0980637945
0980378710
0984475677
0984760455
0922705826
0983750221
0983464795
0982567948
0985121797
0988932295
0989984842
0985431597
0985259585
0988872087
0989133497
0986432422
0949736479
0987857874
0901214293
0582424842
0988265079
0987987517
0988795805
0985838012
0988164264
0985147291
0883234425
0980334872
0986571715
0982431647
0987637925
0987786228
0986446096
0980270665
0984226614
0987572148
0989250845
0989441448
0980895904
0902906022
0980453722
0985137713
0983545774
0987607562
0986345043
0987708626
0986900098
0980279467
0984646966
0983589652
0983096068
0988829906
0986447514
0987756833
0987490746
0986040577
0981467022
0980280603
0922604425
0983397466
0983508882
0980353383
0987376877
0988350475
0988739168
0982167937
0988079008
0985895142
0983010706
0983296563
0983801239
0981927089
0982549516
0987213132
0983147864
0981191451
0984759419
0981701992
0943711879
0981501835
0980384180
0985924534
0984441719
0986041334
0987504057
0983505966
0984505079
0988460537
0987710692
0988400510
0988759513
0984737215
0987003055
0989840423
0987625029
0970076042
0988170627
0188437291
0988886921
0986107316
0981417594
0988112347
0983620969
0922676326
0987620911
0983846852
0986284857
0922676647
0980939152
0985419161
0981169030
0988291982
0986848845
0988731525
0980489197
0987855242
0985776052
0989822369
0984009041
0986576997
0989277641
0989265118
0981618437
0986070171
0987507239
0984775349
0983372057
0984153865
0987456404
0988833571
0988887764
0883813398
0980421907
0980567126
0987218848
0982174557
0982937752
0896371761
0686717565
0983986970
0989544631
0987855546
0981036688
0987246703
0986094451
0983382409
0988619035
0987583239
0989843773
0985730002
0988131529
0987032912
0984674334
0987705747
0986168689
0983355766
0986364263
0986293572
0984897038
0986911420
0989904995
0988770161
0986391267
0987078746
0985784995
0983767428
0985523345
0984368283
0985043000
0985529406
0989102594
0980960986
0989549957
0986818626
0984900783
0989493816
0985488551
0987743510
0987217002
0985612576
0984067188
0986680007
0989460921
0985247132
0347076987
0987933956
0987984575
0986905527
0985603362
0984334916
0981263528
0985433807
0980584263
0989913634
0983330952
0985705207
0986931262
0982273930
0989051857
0981893616
0985299971
0986374406
0989697208
0985832763
0988222751
0985660778
0984399155
0980720893
0985535879
0981019664
0986309415
0988541684
0987109800
0983090072
0986142348
0989733605
0980087299
0988874731
0987281812
0985582146
0980994886
0903814545
0988517451
0983793391
0986824551
0987680551
0986900444
0987662907
0985800415
0987848208
0980296859
0986208193
0987636564
0985176138
0985962839
0985117947
0980697019
0988869530
0983009151
0982545480
0980014094
0984138018
0983590861
0980486872
0987055866
0987663790
0987450150
0984430730
0983935124
0986466408
0685163494
0909686777
0982746484
0918907212
0981562567
0984645679
0987747798
0983948645
0986984640
0986069540
0988111016
0988479161
0982895092
0985275762
0989459325
0982772905
0982500459
0987492458
0986244551
0986104510
0983374547
0981815727
0984095544
0985050853
0909998780
0983234666
0988431654
0980779522
0980618898
0984525689
0982170129
0984817731
0980717603
0980320017
0950705890
0883727740
0989940215
0984204150
0980794600
0988390289
0986652019
0585461581
0985033980
0984843001
0984475292
0982366049
0986369099
0986818681
0981166060
0983668074
0983332558
0982168247
0982550765
0988222861
0985987127
0986487244
0986499156
0983270829
0989776753
0985000856
0981958597
0986451248
0987348360
0986177015
0983797897
0987122931
0987429335
0988030336
0981339427
0988008441
0984099679
0986978156
0984656705
0989321534
0986354358
0986978579
0904517538
0989080917
0980824991
0986022174
0941931455
0981568986
0984618054
0989366351
0989366318
0987160434
0989949338
0987689436
0980908030
0934166554
0987897666
0989038503
0982555110
0984310233
0986804939
0984653921
0984081193
0982051279
0984613475
0984066078
0981412120
0986879396
0989663366
0986823994
0980135169
0985049998
0987497491
0989870369
0989721663
0186533072
0986915385
0989087173
0986527939
0984359953
0922654331
0984296588
0983948819
0983090385
0984227734
0933556544
0982501899
0956999590
0981887244
0989517703
0987537583
0981868978
0983246933
0986895749
0988764818
0980982382
0983495358
0983471205
0980396412
0987846553
0985877952
0989238023
0985293882
0986295418
0981120832
0946324925
0987817440
0989134450
0986211301
0980207219
0986808377
0982486600
0985980134
0981793611
0932682141
0988217108
0981309204
0981524066
0983633351
0985619282
0981613337
0989799569
0985394542
0985226164
0986600147
0988305297
0986638521
0974616078
0980981343
0948024545
0988197648
0980094168
0981407613
0886172886
0980007659
0981737196
0984971851
0981286162
0784669870
0984177550
0988565985
0906840406
0983004151
0983800738
0988357501
0483017418
0984756328
0984765987
0987793595
0983080493
0982408846
0986285538
0984953666
0989818681
0984182362
0987031206
0988780197
0980534390
0989011433
0983674291
0982600138
0989502756
0983760187
0981757633
0983292761
0984703735
0984156331
0984645201
0909974559
0987305833
0985794479
0986318059
0980251813
0980865488
0987532896
0986655687
0985681160
0980059939
0984646884
0981377957
0986944457
0987950336
0985211994
0987252039
0885965803
0988111720
0982601152
0983618531
0989788781
0988775943
0982152486
0988531912
0984872389
0988611289
0985783268
0987310922
0989471248
0392023981
0980517363
0981513972
0987330378
0985133201
0906840476
0980301956
0987195681
0981531505
0987390415
0983966170
0980902405
0987796851
0983535753
0981030951
0982720511
0987976239
0945200502
0989679264
0982946284
0980623635
0984788349
0989106120
0980713708
0988547785
0981964395
0987778484
0980915410
0982066295
0985571641
0987901592
0797760443
0989024495
0394134529
0989275675
0985038038
0987930290
0987817295
0986004910
0986015802
0984525265
0984322797
0984353412
0986318593
0984742632
0982183160
0986148178
0981181340
0984738533
0988447658
0985777104
0987722338
0988065708
0981469504
0984647719
0983169746
0981459938
0988394231
0989264542
0983171296
0925627097
0987294145
0982071112
0985289863
0983803874
0983475283
0980586521
0980879687
0980994614
0985364170
0982905333
0975914588
0983849238
0982979097
0982123512
0758818464
0986849221
0983685174
0986485519
0983337308
0988176926
0980702479
0987478865
0981833289
0988089881
0985676497
0980016806
0989913909
0985732232
0983169323
0986959678
0980509242
0987606726
0988171899
0988655226
0981650972
0984104512
0987713904
0984981588
0986324676
0983745301
0989981505
0988152820
0392525820
0981404420
0986941647
0983826938
0767546486
0986593582
0980559929
0989667832
0987947777
0983411015
0984903182
0985589384
0982595566
0981193249
0780678298
0987452384
0988910292
0985757625
0986840337
0988866286
0987729992
0984694157
0987004464
0989551808
0980507285
0984326760
0988282940
0987685672
0988964908
0983423106
0983146095
0989924010
0989733804
0482157404
0985101163
0989825491
0986587556
0913115445
0986469804
0984244037
0908377818
0989026284
0981570697
0986452325
0372127918
0986357438
0986184702
0986991955
0995369849
0980704252
0989422076
0984221351
0989201680
0989785850
0981125840
0989989921
0981323361
0987075371
0982936817
0989203692
0989965447
0981497299
0980095311
0986017629
0983509358
0981442352
0986372615
0986488580
0981619695
0981228454
0983340990
0988244810
0982150563
0988882089
0983642687
0182083670
0984831758
0988434193
0988491540
0985710480
0980436455
0984601763
0983941774
0980197449
0982036939
0982456292
0987143079
0988413890
0981977950
0985083559
0987728683
0984471271
0985017082
0984147705
0985724816
0987612559
0989395864
0985113132
0987301565
0986464251
0988980474
0981807211
0986877188
0586965139
0987277899
0941078819
0988710865
0987066766
0986207707
0980823273
0989309312
0980862023
0986403833
0974541582
0986004866
0988853548
0925201410
0984181026
0980873910
0989094562
0359593887
0988682244
0185653321
0981928804
0987069221
0981713855
0988613122
0980926497
0989017491
0984031071
0984141821
0987061063
0916382929
0984306028
0989739234
0986571112
0083770310
0985767924
0985093045
0989723929
0985082430
0988261762
0988981783
0983918400
0980871520
0986820380
0982456150
0987781363
0981853273
0905811543
0986713614
0280541130
0987259659
0987922734
0983188492
0989713230
0984517237
0188702573
0984559383
0983565694
0989898043
0987138594
0984641775
0982064098
0980770361
0989122984
0989053601
0985432424
0988620458
0981567683
0984362058
0915688786
0983959589
0985585591
0981328357
0981075290
0981047391
0986146754
0287523213
0386001242
0987686720
0987208851
0785961096
0984132066
0984902349
0988299251
0987749776
0987966957
0980298428
0989325410
0986842964
0984952443
0985145749
0988283418
0985517802
0909613487
0985809560
0987872747
0985391520
0988005309
0980939416
0380002951
0089511189
0987286579
0332437510
0986411544
0981240492
0989997691
0989163950
0188113273
0980427616
0986143665
0983838503
0988112295
0980118264
0984404930
0982983459
0981908221
0916145979
0984404980
0982252131
0983066928
0982215055
0987077043
0987581373
0908652086
0981093450
0989356831
0981337306
0983938335
0965858656
0987004102
0981246976
0987086555
0283439580
0982892279
0982398168
0988608791
0989881811
0989660738
0985806010
0986962236
0981268589
0989282859
0989897361
0986356096
0987182991
0983690179
0984351970
0980673666
0984971133
0986681716
0986614255
0989941549
0987447005
0986600114
0984575943
0981896841
0986938796
0981849326
0980939845
0983563019
0980286197
0988566365
0998340617
0987495422
0983088047
0985404236
0980516959
0989994953
0366832101
0985257933
0986018995
0982579884
0986211303
0988292058
0985401856
0988496924
0980714459
0983898490
0988262256
0987205693
0987351394
0987513952
0982844506
0982438376
0981413477
0989982302
0983485117
0682078982
0986788197
0986653778
0983354865
0985603703
0985175166
0983682633
0984972617
0981653691
0984508586
0981751623
0986066164
0988963598
0984627970
0695556957
0981665987
0976396537
0981729147
0983869401
0980751536
0984726952
0986378316
0986504160
0985864343
0986554357
0383721557
0987394445
0522889146
0984784222
0980938650
0985768799
0980528374
0562939711
0980688855
0908352412
0987410641
0980878560
0981587805
0985115551
0884913890
0985428815
0988861438
0988781191
0987454509
0983016439
0988376378
0984364278
0976115282
0985769371
0986559236
0986542115
0989504750
0487840108
0937040986
0989508304
0984406978
0986572485
0986698942
0985945131
0989542671
0987204756
0987627023
0982717420
0989040418
0685633273
0982084308
0704611726
0987390684
0980919825
0988762447
0984287492
0987860239
0906991284
0984113805
0988689707
0565963872
0982490626
0987393257
0983958900
0988043603
0983111183
0984444107
0984316562
0987443524
0988332809
0986306259
0985264481
0986911490
0988130107
0984658966
0983414329
0981351055
0988753736
0986505674
0981820138
0984932296
0986793558
0982924594
0982385754
0984114609
0985474281
0989248279
0983799980
0981811220
0986746213
0980989992
0980022553
0989242684
0987885180
0989063157
0983582064
0985721083
0982231498
0985255202
0986312820
0337656886
0983705817
0985872935
0981491874
0987824059
0982680720
0984791442
0988015778
0984683966
0984735014
0983940399
0983930432
0987568150
0988790822
0393323325
0985022650
0903090222
0988331451
0985394650
0933581960
0987481293
0989841956
0982420856
0989577609
0981862919
0988796118
0981057681
0987191605
0986831482
0985280481
0981982974
0981358930
0984903564
0987010033
0986041865
