0926335233
0987960256
0983385570
0982117797
0987894269
0982458116
0983943610
0987545894
0989039081
0987052236
0988989946
0913403638
0987364758
0983872841
0285474701
0986570666
0980662291
0989781540
0988571513
0989332653
0984964749
0982064991
0983051588
0986353277
0982814363
0983811306
0386378543
0904291484
0980382669
0986611999
0980848095
0986538415
0984959310
0989177398
0987130229
0984863240
0984603665
0989570938
0982370831
0980601146
0981764772
0986158826
0984486209
0974610361
0988501096
0988798910
0980376439
0980696387
0983579889
0933891846
0983503537
0989734087
0981610903
0924024263
0974136257
0927157410
0488302436
0985585879
0986615143
0980835225
0989776321
0984353386
0986582831
0980135871
0983830599
0983411837
0989726386
0980563658
0988741879
0991256589
0984788143
0886752607
0987828316
0984713901
0989748959
0983707436
0981854622
0985495827
0987669173
0983808721
0986026634
0989576652
0913167352
0985629495
0986635246
0983562696
0987336899
0986643622
0981047717
0983495099
0981313814
0989209336
0981881956
0980145127
0987758395
0986438168
0986068866
0982304958
0986445830
0981791660
0988235107
0388203494
0985529811
0982879500
0988189875
0986734800
0985857150
0983357878
0988711536
0989710580
0986154857
0980803163
0984871471
0989127638
0900181970
0980179274
0988076374
0982198222
0988880655
0972454672
0985111187
0989687853
0983033493
0984081764
0981080138
0986713560
0980507100
0980908837
0983484293
0987239041
0986344870
0985135681
0980413308
0985560360
0988800034
0988139097
0988819029
0989827568
0984093704
0989915912
0988544785
0987021577
0986784326
0983135410
0984063867
0685521392
0987701691
0988178750
0987700283
0987114506
0987689142
0988352778
0989834909
0988159916
0989946470
0980246566
0985201410
0989520895
0983687600
0987479924
0983708899
0986515108
0989131070
0986066311
0989313108
0985995248
0988793988
0280568168
0983807818
0987820791
0987196072
0980990943
0984111408
0980348800
0988079567
0981696413
0980238688
0935137755
0981971471
0988057615
0980896876
0985464775
0983792188
0989894627
0986756830
0986210246
0980947753
0980285756
0980738665
0985504633
0984040128
0982360295
0922667531
0982269830
0985491904
0986140895
0689013730
0986527939
0985936704
0988357501
0988778943
0988057810
0986657121
0980356726
0986308357
0985551193
0983468800
0987820615
0989803227
0981262598
0983296100
0984786442
0985661673
0989949443
0987511991
0984513210
0981610180
0981315187
0988598959
0986565223
0981462199
0985417756
0986048982
0985173371
0985840932
0984472934
0985571035
0987061385
0988888145
0988876237
0988156421
0982386098
0984594674
0983999540
0882804155
0988413264
0781762991
0989838171
0997898668
0984443617
0982998183
0983743815
0180490214
0706093308
0985335534
0947726129
0980534716
0984211066
0984292425
0984346139
0926430772
0982304486
0989530002
0983316913
0355009414
0989878137
0988693886
0980635971
0987398278
0986618426
0985491096
0982866830
0921508467
0982978130
0986464721
0969087864
0984037347
0986528693
0985653406
0984174436
0984336430
0983858035
0981328856
0983956965
0987298810
0987250657
0983459231
0987340655
0989571609
0987889879
0983383910
0981876406
0988689143
0982297498
0986746348
0983298643
0982869683
0389751430
0983323324
0983091387
0988885974
0984912557
0988884749
0984394525
0987115087
0985088413
0989332698
0988395331
0785894973
0776656658
0982595486
0981532983
0988520513
0980120020
0988761140
0980905512
0982296806
0988744216
0983039858
0982191305
0984002668
0988867089
0989340299
0988355244
0985894762
0986212915
0983333364
0981024920
0984772987
0988516730
0988128268
0984518171
0989053020
0983078743
0982063300
0987408386
0984005061
0983166804
0981277068
0982664641
0987361498
0986320778
0186534243
0980338650
0985950529
0284451051
0988474164
0982349443
0989492889
0981443701
0983174134
0989793098
0986995228
0984184191
0989648981
0986649131
0989686411
0984587088
0889226892
0985322320
0987974144
0980102307
0980698465
0988853246
0903851017
0980826388
0988589642
0980189881
0985314374
0980348147
0981693030
0989855417
0988441401
0985568757
0982312519
0985699890
0988662565
0987031348
0987269205
0987311496
0989966728
0088166808
0987611605
0986535252
0985474408
0981899444
0987694379
0989467486
0987607531
0986777566
0981294233
0988348170
0987476453
0980886280
0383198530
0984361736
0981126755
0984455023
0987537842
0983585417
0984655957
0982285232
0988874731
0981520251
0917361853
0989411461
0985803319
0980119689
0983754440
0988319624
0988353334
0986839506
0988353481
0983740192
0986190125
0988999539
0982656499
0989607704
0989765239
0988157157
0984555794
0982008856
0986449999
0984482524
0918863576
0986033291
0985528252
0987314344
0985202905
0986915511
0987848720
0988379920
0985210502
0986417535
0987758910
0987879229
0983485117
0982432752
0989893913
0982370509
0988573315
0682383329
0986150827
0988938928
0984156640
0987652839
0980471137
0982254969
0906605250
0983442706
0984681769
0988935581
0944875118
0988885581
0986858840
0980491265
0981094409
0983439404
0983325618
0984470680
0988488632
0987744414
0981665906
0986911071
0989616763
0986591434
0983677426
0980788519
0989464137
0985398487
0986560646
0983911225
0987055963
0932168989
0989654315
0980764808
0982276496
0483929194
0980520180
0988181893
0987637461
0983782318
0084134307
0981135460
0987074513
0985497080
0984989331
0986612047
0984107465
0989546804
0902852233
0986076346
0985061694
0983761766
0989038628
0985304721
0989763688
0985198426
0989083677
0986369557
0984994220
0981973846
0984764339
0987144352
0982740880
0985957362
0989134263
0980954217
0980374360
0980804634
0988722055
0369417671
0986138236
0383323110
0988956432
0985773655
0982648021
0984737402
0987742485
0989933132
0981077204
0986404892
0980738222
0986049440
0989058606
0986540794
0985972947
0983121698
0903371752
0988116844
0987607721
0980522485
0980178753
0983459692
0986827981
0985322147
0986461985
0984231727
0984768275
0588297569
0989187990
0983998894
0981995141
0986536466
0983006022
0983224467
0987308833
0986955129
0983961356
0980073211
0981572446
0986118200
0987553573
0984019422
0980388287
0989409521
0983792638
0984506085
0988421741
0984644163
0988460627
0986035228
0984982985
0986221821
0987889589
0989662672
0981063421
0989289666
0985761024
0980912510
0983661453
0989438345
0986182754
0981661192
0984272422
0986409358
0984404012
0982614396
0982425464
0987476647
0982309355
0988363628
0944921762
0982573483
0985219524
0982227779
0989980377
0981699616
0987049589
0989553623
0984664524
0989820674
0987122528
0988738217
0986688670
0980088306
0980003897
0984654426
0987495860
0980984522
0983426323
0985929357
0981222797
0938085585
0963211725
0984816739
0981459653
0987618481
0907566347
0981530822
0988495640
0986613855
0981109976
0982364528
0984562973
0980205989
0983563612
0948790791
0989962298
0987895786
0985718265
0982204662
0985905566
0980392370
0983941805
0988973119
0984931096
0986162705
0984576573
0888006126
0984653943
0985584870
0989065204
0986660423
0986402855
0989078325
0982102477
0916345415
0987872907
0980548593
0985916311
0987645372
0981032516
0984910088
0981974596
0088683986
0987199199
0984404215
0987005847
0362136769
0983843313
0988392949
0988968503
0987571305
0986807112
0987884753
0988875502
0988872657
0987120160
0989759695
0984150101
0987250967
0985334246
0985702985
0985483003
0986744298
0986689602
0984999516
0988075609
0985540472
0982171864
0986089998
0989086934
0909902270
0987174963
0985463763
0987415964
0986890822
0985966194
0986010791
0986970049
0989923895
0984132289
0984830952
0988466336
0989458517
0983664536
0987441442
0988349287
0984480094
0987758581
0983757879
0989947896
0982502396
0980136463
0989237892
0984553058
0986693941
0989563962
0983060486
0984847612
0987242715
0987531609
0984580735
0981390930
0989966972
0984142444
0989576123
0989159670
0987680846
0981688561
0984775111
0985881788
0985843272
0984171202
0283953932
0982133632
0985525567
0987863830
0981428287
0288457822
0983072917
0982293336
0189194989
0989978513
0983258780
0946644690
0987241969
0987348794
0906278990
0988237016
0986337405
0988623462
0985669553
0986307070
0987636922
0989434369
0986088087
0983489093
0680354032
0982615731
0988826054
0985563357
0984847169
0988970954
0988242706
0983666492
0985220707
0989411232
0989616189
0981378383
0989176483
0987217409
0984103131
0986126603
0986799162
0987470351
0982983054
0983648336
0987895996
0984939150
0988705226
0983556967
0986023535
0985091026
0984540974
0985280248
0987552269
0980624739
0985197056
0988410418
0982583910
0987970949
0988338573
0987966357
0982339498
0987336613
0980709737
0981336721
0986947010
0983889262
0963112181
0983185155
0985509828
0989238124
0981552946
0983069160
0982953725
0981042991
0989959140
0986689591
0987228490
0988859309
0988768918
0983853429
0985429839
0985425847
0988272413
0986352667
0981169404
0989775256
0986078058
0983371616
0987008791
0987401360
0940312336
0989475638
0976503607
0967839375
0989084334
0987419674
0986428955
0984438858
0983176582
0986478093
0987878174
0906165117
0986954557
0985693820
0986498495
0986046520
0984660082
0989534255
0987448248
0987420321
0984136520
0988303191
0983625625
0988550195
0984669279
0986470927
0983643019
0989358648
0985885523
0913603244
0988069261
0986313785
0987825246
0986861432
0980490647
0988210390
0988116760
0982385246
0988565199
0585403373
0982611238
0980278861
0988230279
0984560548
0587531431
0986513458
0983615282
0985565180
0984017382
0903437438
0983865250
0988956836
0986428550
0985306382
0996350450
0987331219
0989222220
0984596406
0989781814
0988150804
0989021109
0988612329
0984174840
0566862316
0985100430
0984800507
0865631346
0582790327
0980620784
0984535948
0989381094
0984927145
0984410581
0985281072
0989939161
0987969946
0987651520
0789557540
0986586805
0989525671
0987023022
0988174989
0901820288
0989635105
0982084777
0984514405
0982886111
0988896974
0986990287
0985061269
0980279886
0986217127
0559358481
0989760071
0982662527
0986341195
0983662496
0988941494
0982173791
0908041303
0946227248
0986964182
0981783663
0983568111
0982673172
0988280355
0185175870
0989010438
0988257235
0986731996
0988933149
0789078147
0981479725
0987760322
0985615330
0985551661
0986845824
0987319754
0986063244
0984340664
0981461297
0989259378
0988537140
0981770389
0987280996
0184022529
0987700523
0985516065
0989289831
0980917141
0986323818
0986965439
0985077916
0902580090
0382877544
0980244560
0980919360
0989721663
0986375121
0988697319
0980445614
0987803169
0812261939
0985948054
0982308865
0986937786
0987643556
0982850505
0985413406
0989309702
0986534765
0981686724
0987688521
0980414458
0982411127
0988520741
0984884887
0985521555
0484205425
0984680298
0985269326
0983881453
0986023490
0984575526
0981202005
0981002317
0988105656
0586755041
0987192982
0986103209
0985052740
0988797667
0985467678
0981447945
0985283317
0983248281
0987040054
0983528444
0984476823
0988323946
0982398288
0984718791
0984457835
0989347819
0989001270
0982572079
0983750231
0982690274
0981099095
0989356645
0986066506
0984452561
0984518411
0985488867
0984213575
0981155185
0983244972
0980205752
0980070667
0987975130
0982777569
0984525686
0981516762
0985057852
0982133841
0986446629
0998309031
0982210923
0984264969
0983426369
0982055158
0982209206
0983472722
0988597841
0988651775
0982164467
0924706260
0989201498
0981629703
0984249270
0989636273
0982865903
0983941386
0988617544
0983879793
0980811976
0981320618
0983197344
0988620165
0983776264
0989505803
0988917635
0981741659
0984611469
0983383447
0989744107
0988054003
0903989792
0987863425
0985674161
0987850002
0988936670
0982686858
0985418471
0986087012
0986116993
0985977597
0986751942
0989032011
0985455092
0985773027
0985078639
0987300877
0980081607
0980456036
0984041891
0981507276
0985597206
0989114117
0985945490
0987979070
0982733299
0989111385
0584669793
0987881473
0985541125
0988280882
0989690553
0982044401
0986197036
0980723830
0984398406
0982759762
0987488013
0987016528
0986616982
0988758161
0988000373
0983478111
0980345462
0982183240
0989499815
0989254155
0982083739
0583722989
0982212266
0989007963
0988962359
0982760696
0989796934
0988000948
0989034916
0984418707
0985965179
0985098016
0997063901
0985290545
0988564619
0985922202
0986638403
0986453119
0986818905
0986059408
0987550493
0985740462
0983896253
0981343646
0982203176
0984441715
0988811080
0985055989
0986054703
0988505836
0983117169
0988156721
0984552095
0986331176
0982556235
0989174914
0974393561
0983340416
0984172899
0906358924
0984516538
0989270805
0980897236
0982465667
0984616697
0989399360
0984131369
0244792846
0980371663
0981106989
0989339255
0993322426
0986452025
0987525263
0938879361
0982115339
0980513861
0982483531
0984730421
0983666691
0988238627
0982436672
0957612811
0986250490
0982068392
0981943280
0984090744
0984399076
0988653089
0981752319
0986857614
0989474410
0982732052
0485500107
0982241965
0987113505
0987009676
0981295883
0984181073
0987596376
0984740694
0980481532
0983761209
0987623306
0080453826
0989452871
0988602861
0985667668
0989112454
0986878150
0988719792
0985436294
0587616078
0986044989
0988851468
0980519121
0988703307
0569404319
0987106649
0987053608
0984223465
0986310782
0984050079
0981326594
0988598835
0983462559
0984780408
0982105863
0981060273
0982399068
0985131558
0983101267
0987257729
0984260163
0987246703
0986612642
0988182741
0987912358
0986466335
0982507443
0982933229
0981532482
0980543954
0980524804
0987329815
0987840889
0989874868
0981204848
0985581568
0987247471
0985134414
0989457221
0857897910
0987220582
0983830707
0923701560
0988359642
0928582623
0987582759
0989841457
0981791314
0985040896
0988427918
0981011439
0985406419
0986504113
0987409548
0985742809
0981818711
0987050330
0981964395
0980014096
0988304998
0285029044
0980294015
0989642850
0989547530
0986054776
0989766034
0980524963
0985919220
0988547683
0559789963
0987666765
0985891941
0983859116
0969909627
0981783741
0989700167
0988054630
0983389624
0980642580
0980334098
0989841857
0989801131
0989479023
0983514787
0908119776
0904279054
0985338985
0989598636
0980872075
0986296313
0987437827
0988396877
0988119177
0983993631
0987295831
0980604400
0985233062
0980554693
0987133025
0987881851
0983194672
0988567613
0781319934
0981267802
0985938026
0988978351
0987553127
0984460476
0984383878
0985470504
0984545978
0985129137
0984874439
0981662475
0984974094
0913992118
0983455394
0987207076
0987018737
0985610538
0989122542
0989690687
0937985700
0984272645
0981544522
0989144030
0396010483
0984518310
0982447801
0987153074
0985864629
0987587128
0986258877
0987123852
0984663261
0989976356
0986331479
0986748732
0986377698
0982807099
0987131460
0988516016
0983757699
0899470187
0986318205
0973495734
0984941884
0957008790
0983710787
0988892670
0989809881
0988262375
0981207046
0966256130
0980144674
0984469797
0987200069
0989841129
0896204848
0983830182
0985910003
0985970198
0988833055
0983834011
0986792699
0981802386
0980127022
0986571132
0986699511
0987967875
0903848836
0993680121
0985519339
0981172943
0084899566
0987347700
0988584451
0988271696
0986748453
0786650069
0986942490
0989698040
0987675117
0981416000
0981270183
0982304576
0985932235
0985928627
0982640686
0989049881
0985181018
0984515579
0982920983
0983244965
0984449737
0983409098
0687488203
0981554599
0984760108
0984612008
0989035721
0988320073
0987546330
0989549580
0988441653
0984441882
0986712461
0988850261
0982838611
0986152872
0684863646
0907743891
0987669449
0980545698
0988723842
0985534876
0485130943
0982260325
0988292289
0983614343
0986624535
0987206835
0988930498
0995889646
0981703309
0987231178
0986694211
0980191882
0986136747
0983472349
0987187464
0982745656
0986638117
0987969532
0988776080
0988835115
0981342027
0985332747
0983566326
0988695550
0983804082
0984551796
0987389439
0985246370
0913911529
0986115236
0987815747
0982754583
0387820224
0989440282
0986821434
0981758013
0983340185
0985092617
0989264874
0986025217
0984608290
0986182597
0984902049
0983365059
0987144992
0982787475
0987410839
0986936700
0981799742
0981845415
0987130952
0989598452
0985738257
0981569989
0985154686
0987245627
0980058066
0989551441
0989664602
0989501794
0989899355
0984567728
0981736433
0987391103
0989453062
0919158282
0987836667
0983026251
0986408042
0569214551
0985924401
0916714787
0983815725
0988613223
0986503552
0981867667
0985612174
0985766742
0982991512
0983044507
0989408305
0906631294
0981522953
0980450278
0989427206
0482917524
0984232004
0988959836
0984300488
0988234151
0983563348
0989857888
0984566750
0983153207
0983352625
0985613579
0980003175
0987412967
0981184016
0986689456
0980009938
0984249015
0985054059
0903700385
0981608115
0986527891
0988260551
0988354796
0988434680
0989760168
0788615956
0984671879
0981990231
0981463631
0986710741
0986684662
0985050021
0985053853
0989365036
0985595007
0988376035
0984515223
0283402185
0987565609
0987921514
0980215302
0980078331
0986838579
0985657581
0989918209
0980983435
0983670108
0988166321
0988857608
0985425730
0982732627
0989437890
0982606302
0988309605
0983684951
0989816502
0986116405
0883003943
0989742426
0989737036
0980326628
0982518772
0983282090
0986744761
0980075421
0986983925
0986888517
0984901521
0987619335
0986387300
0980860308
0981016482
0989499330
0980656152
0988910317
0980486566
0913919688
0983935736
0989339770
0987515138
0988035869
0980538758
0938884487
0988293884
0988924795
0988881705
0909541562
0985123285
0989674242
0950933156
0985685039
0980116646
0986466989
0988759498
0982613574
0987265842
0989657783
0985142816
0980498903
0988745315
0988300652
0985156282
0981927717
0988765095
0982213337
0988042663
0989775893
0984238233
0984662449
0989998727
0989155335
0983934111
0984983998
0984713560
0985091176
0983885025
0986194779
0982176175
0982592512
0989164022
0393896439
0988341864
0985509193
0982272683
0983324272
0988098148
0986593365
0982809825
0985309331
0989116789
0981103876
0987929162
0982627047
0989288934
0986321266
0988597391
0982377986
0985567069
0853761844
0984745768
0987516842
0982761102
0989799934
0989441456
0982857347
0983453748
0982726725
0980837911
0983971672
0686751466
0987115022
0987773496
0983797924
0988461752
0984619961
0981387216
0987898705
0989609878
0984690663
0986754995
0942523701
0986155218
0984732004
0988579867
0980784278
0988267374
0986960283
0980021375
0989827419
0985406457
0980483284
0988142343
0986066397
0982854436
0985752352
0985529265
0980519194
0984415638
0983468088
0981456930
0986895358
0988089697
0983846258
0988289357
0985544114
0981879450
0983177842
0987561270
0983143185
0989459972
0989098701
0986227028
0981269882
0981673412
0989678097
0983727024
0985792276
0987540845
0680307722
0981682702
0981405598
0985051363
0988515996
0983339359
0988602515
0986429695
0965963501
0989880643
0986476114
0986606142
0981625474
0983406146
0984543024
0987303495
0938628242
0986246346
0983075210
0988061789
0988362502
0982804379
0988372278
0980276657
0986719213
0982822479
0987879505
0985720099
0973021250
0989435192
0983972783
0974847816
0799911481
0980254850
0982706766
0989900213
0988971440
0986526441
0984977074
0985282350
0985726253
0989735977
0986225981
0986839555
0774064963
0794732836
0988998933
0981381909
0989383637
0983957517
0983427881
0988343056
0988663105
0983843362
0983632479
0983305529
0986910000
0983145002
0980752477
0987084962
0983555160
0989763620
0988205833
0988332516
0980844493
0980374180
0986143493
0989312388
0986295639
0984920517
0989128913
0982299375
0985127237
0985637850
0988441021
0981003310
0980451919
0984489392
0988080788
0983544282
0989469682
0986557962
0984598197
0987627763
0981955524
0986528294
0985011717
0084865560
0988639111
0981441513
0987216698
0986609383
0987461426
0983911810
0985535299
0983591621
0982629315
0983753852
0988106754
0988972803
0984852144
0980827223
0983395643
0984593419
0985747017
0984020639
0985087715
0985068413
0914829998
0989728782
0989537734
0918091878
0980100628
0986232084
0989693364
0989081236
0984001341
0989264606
0984911942
0986387138
0985257483
0908951877
0987654095
0983298133
0983727301
0988699236
0985907056
0986964959
0989956415
0984596616
0982670221
0982753324
0987117597
0984276524
0984536907
0980122840
0989474202
0982813781
0903722358
0985320576
0986922495
0985089060
0981766571
0982092828
0989263038
0984543166
0983259140
0981337795
0984545923
0986387558
0986353345
0084375794
0986658782
0981965671
0988421571
0984995528
0687806786
0981037012
0980594165
0984026592
0389463290
0985264243
0988926551
0989725269
0906681286
0989511947
0980935846
0982146981
0984693893
0988871490
0988536610
0985919020
0982081528
0989790881
0982134962
0983829624
0982776341
0985951923
0983553061
0991242635
0989198539
0987974514
0981006749
0980700736
0586804538
0984127127
0994143847
0981980049
0987281848
0987210182
0983484203
0983612923
0989556354
0984144379
0981708747
0983779212
0988142089
0585564125
0988338609
0986103375
0989977788
0985547954
0986195419
0986741325
0987506314
0987495539
0980581541
0988099953
0980623404
0987971976
0980625412
0986914720
0985535159
0984293672
0985718582
0988816200
0984258662
0985456381
0982772488
0988688312
0988404225
0989980814
0886189627
0989025062
0968336662
0984496230
0994050633
0984895660
0984504584
0986266142
0984196432
0980498260
0982404688
0987210228
0885412228
0982793630
0987509903
0980972228
0985341035
0983054131
0987218138
0986047176
0186360971
0958780976
0982856129
0913801231
0988302250
0986537288
0981599412
0983024200
0980850498
0984166834
0287465132
0989650293
0937413574
0986760500
0983678541
0980015548
0989111392
0989705805
0987740129
0982804056
0981651296
0989843664
0986646234
0988484946
0986492200
0984220172
0986561751
0985967855
0981687475
0983468603
0963124173
0989899356
0986995006
0988144342
0985358395
0981280090
0562357560
0989623700
0989807673
0985649027
0938583488
0985423672
0983705817
0985948995
0983330281
0988370599
0986779079
0984547405
0958155359
0983780044
0926906813
0989101014
0987765369
0987479767
0983234018
0986118487
0981519804
0981011818
0987602887
0772091467
0985066949
0985484056
0933398588
0981671134
0984444270
0983108746
0989166843
0985626617
0985025558
0984086804
0980026640
0981271866
0909357317
0987535342
0980877340
0984845955
0988973287
0983689802
0981638761
0986605117
0982999426
0989989185
0980341413
0984324351
0985008013
0983799051
0982330250
0985381549
0988270250
0982958251
0984277256
0919891139
0989612126
0987431908
0982227958
0980079109
0980375126
0989191845
0988381260
0983786238
0989651079
0982277771
0982526968
0980962913
0982895094
0985072951
0984895446
0988835944
0987701200
0984014189
0988984991
0987130893
0982779935
0985078749
0984092174
0984087927
0985432904
0981384982
0986887355
0987851348
0986886317
0984754552
0989311349
0986850072
0988590740
0983049047
0989874105
0984252859
0986325816
0984234441
0981990282
0985932303
0987269200
0986775196
0985261078
0912785726
0989261331
0985227254
0981463711
0987484829
0986363595
0983338423
0984160813
0983884244
0981038699
0981422438
0988834774
0987375848
0987735449
0988791807
0987909489
0983967218
0981809872
0981019096
0986811499
0984356043
0987861486
0983741511
0987430580
0988525472
0982319372
0985275615
0984503630
0986303659
0985149854
0986479957
0986501021
0986375778
0984128169
0982847439
0988358323
0989941984
0989267651
0984226107
0981150036
0983960981
0981240654
0942411431
0984586969
0908380584
0933278751
0986011571
0986918078
0985021025
0989762483
0981894471
0913157547
0988083821
0980508348
0980635782
0988657114
0983853916
0985821641
0386786002
0889599394
0987273051
0981111592
0989423758
0989463020
0986813887
0988634640
0983236493
0983546620
0987469217
0908192744
0981273371
0987691797
0981312643
0989319844
0984791358
0981613332
0982544352
0986065385
0984029511
0989480008
0982920113
0988382565
0984898161
0982734216
0983200836
0986206754
0987721321
0925056548
0981843539
0989379020
0989185040
0987771634
0985071746
0975264305
0989844281
0980168844
0985665582
0988538023
0987121819
0987062819
0980906751
0986409630
0984701733
0980957508
0986979743
0988919147
0989449991
0988200925
0916003608
0985090423
0981291602
0985049994
0983045725
0984227519
0988663203
0980204369
0989079902
0982274466
0983561891
0983043819
0685389786
0986357079
0982625726
0980677354
0983133869
0986396494
0988819719
0986869715
0986274056
0987525527
0985545357
0284905729
0984794100
0982365204
0986348582
0986687632
0983372202
0984387011
0989575260
0982145602
0981877457
0988304441
0925999994
0982326791
0982651442
0987835816
0987149056
0983718426
0982943811
0985749844
0985374910
0986873162
0988153597
0987031311
0986552457
0985242840
0989869800
0981903827
0981509401
0989429091
0980848968
0987054300
0983847277
0983983639
0988144421
0987154326
0989116663
0987017132
0980185592
0986453916
0989859022
0984971851
0985543548
0980922301
0989062645
0987533516
0982424978
0989973896
0980981573
0981896952
0988989844
0985412516
0988593653
0981723724
0987147229
0907475814
0984608868
0984253365
0982853290
0983530991
0983899553
0983104247
0984707204
0989942910
0987179234
0983056906
0982733707
0983813094
0986048514
0373374312
0989874049
0985006448
0988608195
0985919253
0987615984
0985045710
0983572215
0949435399
0980245979
0984290696
0986206294
0987249979
0982115317
0993044822
0987613634
0983264101
0349900175
0987943603
0985187458
0983837446
0986242304
0980059026
0984979258
0915446376
0989230729
0989949316
0988094894
0989027117
0983892536
0586622201
0984670192
0986485327
0989541218
0385273078
0985872650
0326420073
0980319678
0986022923
0997447447
0980930068
0989732969
0987302531
0989069760
0985503030
0982328742
0989008452
0984101700
0988468845
0985954462
0986579725
0986661396
0982556470
0985667286
0980615152
0986757161
0989804324
0283493376
0934057815
0988389218
0988803129
0989775504
0983715386
0984119636
0986480087
0981473798
0983608597
0985912312
0989136935
0984960207
0988845790
0981597244
0989357533
0987892456
0988017815
0981280435
0989615933
0981908074
0988173825
0983630949
0946025994
0987607168
0982674319
0988955953
0988863552
0288844506
0984259077
0981808435
0987252262
0986649928
0987748505
0983617031
0981248988
0981750641
0985346408
0989417054
0981936000
0909299167
0581232071
0984415003
0985914511
0989499471
0985253633
0986277032
0987274823
0980784708
0984318738
0983765114
0988368920
0877002441
0985139952
0987362250
0989011220
0903930639
0285923004
0981970083
0983910873
0981344063
0988660283
0987886239
0988664169
0985273816
0988008021
0988566774
0980616023
0989444746
0987131472
0986757805
0986405216
0985306214
0983400039
0986425035
0980326269
0986326442
0988885374
0993653773
0989445156
0983640443
0767477320
0983399110
0984229922
0988197296
0987124334
0887281277
0988259271
0987084948
0980480278
0985145749
0986258276
0986941518
0989492352
0983618572
0983504734
0986861185
0987981119
0982920681
0781146740
0988960388
0985739139
0904293255
0986787221
0908392477
0995859958
0987835378
0982568566
0988790265
0988535333
0985115643
0988822756
0982628902
0989740861
0986766255
0986020924
0988556267
0988141190
0989318625
0986254903
0983814999
0983835557
0987047287
0983300544
0987892329
0982016026
0985483528
0989859124
0981304727
0986327717
0982119101
0987207230
0989930113
0984047078
0986998137
0984936839
0983357352
0983579092
0987579474
0982966843
0189226039
0987039670
0984096861
0989358775
0987053131
0983981393
0981499724
0987149272
0987841090
0984532876
0984031423
0988637205
0986961318
0980860218
0983960629
0984605323
0985541530
0585461244
0982467791
0982374191
0981669983
0989981566
0986271135
0964487668
0986196321
0988655842
0989888434
0384087540
0780324811
0984210942
0988069983
0988303789
0983378375
0988104487
0984039607
0984485313
0984310516
0917245631
0987543903
0989384987
0982789298
0985618344
0987420920
0982353141
0986131978
0987790567
0983862151
0987741006
0854821181
0983909317
0989999307
0985699762
0989140024
0984972183
0987946542
0978032378
0989189911
0986094051
0980071114
0908671209
0985675064
0985805493
0982455837
0982938653
0986511401
0787442931
0984018484
0984707025
0985009448
0984084420
0983007469
0987713440
0985906071
0988510502
0988484651
0986343759
0981592849
0984508370
0989419967
0983386097
0983544540
0982285905
0988296470
0989874481
0984460650
0980188711
0986393529
0983005906
0982458638
0986761498
0984224989
0983439900
0981596585
0985620167
0985986935
0981181362
0988617067
0983597219
0684766277
0988626222
0987566845
0981344850
0980977564
0980071669
0983435489
0988488325
0983560711
0909654494
0086872580
0984107818
0988855797
0984244126
0985488608
0988402112
0987712892
0987602982
0985575175
0983533584
0980945175
0947566283
0986726483
0985127572
0987128425
0984583213
0989422050
0981386853
0388809074
0915404960
0983335830
0988103566
0989560685
0983483043
0906238665
0983200069
0983613832
0985644925
0988426109
0982132627
0924990836
0986905698
0987959920
0984023090
0986958723
0988309934
0983901764
0987270028
0985221359
0984993213
0987117353
0983107234
0982272227
0986768323
0689314806
0816866966
0928517906
0912547934
0982527040
0989397830
0989769918
0988354155
0982162385
0981950188
0980531967
0983833230
0982561004
0984436634
0982240005
0985101738
0988314120
0989077483
0987378447
0987744753
0933985914
0988007175
0983000040
0984212412
0778892391
0984749987
0981817335
0981391384
0982044991
0989634602
0989444042
0980959566
0989425730
0984345051
0984378676
0981965534
0987770814
0913128923
0985398080
0915307667
0981606411
0947950352
0989475030
0902862185
0984096455
0981510196
0987774195
0989280301
0986495957
0986701956
0983473163
0995923098
0913709966
0989270107
0982124980
0984278551
0980620254
0985043396
0988670468
0986766920
0986622379
0482028255
0347076984
0985466488
0989556211
0980412018
0988433904
0983735296
0988163217
0983960640
0988193132
0986702750
0988374227
0950639537
0938240994
0982000931
0987001428
0681784109
0980167644
0986621982
0983050339
0935740833
0980550944
0985490859
0928513294
0988422791
0989544045
0963189642
0989883456
0989928655
0982516070
0983671394
0981678303
0983375573
0986203713
0988892077
0987825324
0981720045
0985978919
0983849398
0986685525
0982465737
0985686212
0983922665
0980779522
0985118148
0989570864
0980928963
0985790109
0983130251
0988169999
0980029429
0989365090
0980517530
0988244493
0982831183
0988599466
0907520168
0980054459
0983027196
0983769236
0987165703
0985013235
0989431904
0986927005
0980547872
0987561383
0983935112
0980991583
0980649214
0980385852
0985619839
0887136044
0988905957
0989065379
0982793697
0987647536
0989668182
0983832548
0981705013
0989807657
0982653876
0982792109
0981441752
0984075627
0982095210
0588797308
0981289602
0984886073
0980876475
0984545055
0984614138
0984514883
0987482832
0987876279
0981317042
0989340955
0523970866
0982211135
0982280825
0925838270
0981664197
0987102831
0986342866
0989304141
0925620035
0981140020
0985755819
0381711170
0981022805
0982592971
0980737502
0985786360
0980567919
0981478008
0986565080
0987716353
0980019062
0984108545
0985138378
0981654931
0985446732
0987299200
0989535858
0983264682
0982151563
0984108813
0980487237
0985281397
0985408464
0986468019
0985002165
0986371435
0983051129
0985196195
0986125441
0986016744
0885432721
0987242253
0984929394
0984817284
0983516489
0985026398
0981017807
0983258436
0985709975
0981518825
0985171347
0982433703
0986569798
0989290860
0983682640
0686992504
0982698705
0985278326
0989404380
0982145408
0985678649
0989679696
0985526601
0988932385
0984245566
0989466162
0933820889
0980980665
0983407620
0983833940
0989415418
0989277800
0989321861
0983390852
0986802482
0986277768
0939811987
0986291496
0982961641
0985557452
0985916312
0983890096
0987231857
0987475269
0986389144
0982077522
0983419224
0985841166
0988631759
0980998840
0981153531
0987388101
0936080068
0989021015
0982910883
0982487058
0981722339
0988376378
0983631424
0988747460
0987958529
0980489393
0989444995
0982675232
0981087857
0983228193
0388623676
0986246937
0986797500
0987996603
0986613929
0987186031
0985514103
0983575897
0981708519
0980976819
0987134061
0985114245
0988637425
0986455447
0798316612
0980095884
0784014673
0980088217
0980855211
0980499867
0985169405
0980860097
0983210168
0987852961
0987607932
0985570051
0981313668
0982057343
0985026874
0981465069
0982077459
0983756810
0986236034
0986874567
0987842328
0981813127
0988720418
0989581012
0986685916
0987751947
0988316702
0985604718
0989554296
0987385443
0983838740
0984304145
0981697691
0986235179
0985680509
0987928907
0981026635
0998880619
0783668347
0989998094
0987996348
0987830929
0989606649
0985309301
0980729821
0987369736
0981367429
0986662800
0988873151
0980062028
0981626743
0982149318
0984027338
0980929316
0987420427
0985910510
0987208197
0935830932
0985031238
0980101429
0973699367
0980244735
0988330780
0985419631
0985505508
0985642155
0983767699
0989090024
0986190584
0388996331
0987601190
0986944280
0985655899
0987626161
0988815299
0987530996
0981327046
0989059764
0985226964
0981309336
0983151787
0987004087
0984051951
0988293277
0982776600
0989803477
0987714322
0987292759
0982257153
0980855031
0983462253
0987904884
0985650692
0988794125
0916991838
0988440282
0984398321
0984815069
0981133491
0982973015
0983659565
0985456528
0989813858
0984735921
0985511486
0980029411
0985034091
0931101934
0983854093
0985861525
0982281504
0982444260
0983054216
0983787678
0981030667
0985973669
0988418732
0982042601
0984113994
0986220935
0982517550
0989102439
0982331756
0987682863
0982200851
0982330252
0984767684
0987977136
0985274909
0985583096
0980277068
0984295264
0956838754
0928694962
0986732434
0988710960
0987206730
0985904145
0980957077
0988213176
0983162992
0987261351
0985599507
0784588412
0982541283
0985457917
0982702474
0985271226
0081686615
0982942561
0985691339
0988141056
0986061930
0562266558
0984958988
0986832705
0989536980
0982551775
0985457934
0982210553
0987657585
0980573613
0986421361
0981035729
0984769836
0989747656
0986721196
0986736282
0987273767
0984994352
0983668062
0982505957
0989614295
0983679707
0989321801
0989386062
0980505977
0985296597
0989872087
0982918342
0985569825
0984234006
0986409680
0985405480
0984958670
0987677526
0488869029
0929255780
0982263557
0985916100
0982799219
0982270582
0988657185
0986369750
0786706568
0985411696
0982901449
0901182456
0982373739
0984297379
0983509042
0984885591
0987024690
0981368888
0989824001
0985972575
0981677154
0989646183
0976778038
0983114040
0983231273
0983931989
0983746891
0989905418
0902302487
0987849222
0987894079
0989583552
0984198477
0913067357
0982534648
0987431780
0986376332
0988842640
0984353021
0393504441
0980709740
0986012810
0984972154
0989401896
0985722040
0989966367
0983469138
0936455936
0985240968
0987616296
0987476130
0988722866
0985639523
0984768110
0989409606
0988699047
0989342864
0987487481
0987571690
0988329045
0980931041
0180931382
0987409834
0984164057
0989847365
0987018193
0985351931
0980325814
0984088268
0986344746
0989385324
0988382866
0986534622
0981551458
0981359744
0989703838
0982100305
0984360101
0489488342
0983847439
0980354339
0984200928
0988607902
0985121515
0989871488
0984928094
0987393486
0980142669
0988262482
0986454942
0984852675
0980077849
0988441098
0682645507
0980023136
0987737257
0986663130
0988138632
0981359083
0983634143
0984197988
0983111989
0980815375
0985814387
0989304222
0981255226
0986918186
0988430398
0987776863
0986883511
0981948647
0981399592
0987374501
0983086057
0981376972
0981273611
0089499194
0982816225
0989863158
0988364869
0984214549
0987215009
0986613590
0983019557
0985859515
0585510309
0988825369
0983912031
0987195980
0980602261
0981839881
0988547917
0985232381
0983666957
0988744393
0917469655
0986184998
0985613927
0983858052
0984887204
0987148404
0989651020
0985883762
0988711008
0987115402
0986285226
0983386424
0985038937
0986020736
0989201566
0987704005
0987241530
0984077910
0986716707
0986984796
0988846462
0983367328
0981386835
0987343801
0986183543
0984647586
0988797420
0889825540
0981361900
0988489714
0986355417
0983670305
0988339402
0988911980
0981716117
0985842378
0981400231
0983696688
0905775372
0988813715
0988530840
0980224852
0983833300
0988653592
0981604498
0984114876
0981876451
0987515358
0984538324
0986422463
0988763262
0980505531
0987687630
0984631539
0986960201
0989405077
0985047540
0983773011
0987972849
0982851493
0983818159
0923534312
0985220543
0985759044
0980567363
0987559317
0982575884
0989197043
0981216714
0997480791
0980309638
0989760889
0987566163
0984712473
0986482145
0984569920
0985282709
0980008500
0982334641
0986048058
0986965541
0988024478
0987167482
0989132241
0985462036
0982675929
0987988496
0981393987
0984979856
0981373040
0986255051
0985096029
0987600587
0981532973
0989508666
0984248367
0795804033
0983068985
0984273955
0987977319
0919659726
0987936263
0988234245
0980618508
0982593189
0984998619
0983703656
0984721768
0989279630
0985727058
0983806460
0984307220
0989947357
0982327218
0980893289
0986191870
0988296732
0588626493
0988778869
0985962232
0982814348
0983150871
0983999071
0989608118
0988453571
0986532435
0984269397
0936228314
0986227165
0982848178
0989326864
0985402115
0984103660
0989596296
0986466629
0984644100
0906728896
0988530125
0985677324
0983705471
0972746161
0983696425
0987938546
0985404804
0985663394
0982769707
0986191336
0985292763
0989967200
0988766207
0943680042
0983500033
0980771752
0983374301
0987738062
0980975410
0989675532
0981726388
0984820210
0985631378
0981346332
0988829002
0982817934
0980281301
0984984793
0987289504
0987983894
0985845880
0988207934
0980013119
0984908900
0986613728
0989217367
0986441151
0910331546
0986467561
0988857795
0983184577
0985051673
0989775748
0913421868
0984586466
0988721594
0994996990
0983459717
0983936696
0985049992
0987569715
0981329603
0983319229
0986652422
0982967925
0982617556
0988131444
0984291229
0984739964
0981173805
0944229423
0989665744
0987953913
0988087334
0983475805
0985730443
0981965412
0985383814
0984073135
0702040717
0387091943
0986726651
0989129058
0984686103
0980253557
0980336616
0984201346
0984737007
0986055117
0985139004
0986204966
0986199564
0985681160
0981131394
0987387538
0987792174
0989981977
0986723942
0980861613
0987712783
0981328887
0983827534
0981647170
0988943145
0983056891
0329204143
0987475780
0983876950
0980098980
0986739533
0980995344
0986251975
0989412777
0983375229
0985045288
0989777982
0983009358
0983037621
0986053102
0988447011
0989778674
0987622398
0983936115
0986480705
0988918781
0987755884
0986587751
0987050041
0986588540
0984184709
0986683829
0982565158
0984080222
0980945941
0984799346
0983519690
0987995556
0986392231
0982061971
0982240110
0981515968
0989264046
0982137954
0987076212
0986563945
0987378937
0986896872
0987636763
0987648259
0988629146
0989659221
0981508735
0907370455
0987078324
0988869346
0987591042
0983683869
0986010938
0982369013
0982291494
0985753541
0983934208
0988881227
0989608187
0980339525
0987423191
0980564112
0957877823
0988771445
0986456421
0987662356
0981629732
0948377840
0980960930
0966268513
0982879980
0983859108
0985852992
0981919259
0981327480
0908462967
0988859144
0983876867
0911971754
0983243031
0984241691
0986180044
0983086284
0989686844
0987484337
0982363182
0980849446
0986517450
0985983731
0982717347
0980269767
0988061209
0984040753
0982047444
0942251524
0931106674
0989423422
0986395928
0985160182
0988008426
0985850948
0985903419
0983715387
0983478974
0983362527
0980803453
0985445825
0980772027
0980511311
0989127262
0989057112
0988387905
0987507040
0988938421
0982704158
0921085566
0987628780
0986373750
0986246515
0985642256
0986253234
0980980950
0989243392
0983807476
0288674660
0989749773
0989170676
0917107366
0982762084
0981015435
0987092795
0988032064
0981192195
0988425947
0980164321
0989259146
0981007470
0981210764
0983332333
0988185241
0986513649
0985096686
0989576417
0986002917
0983650231
0986703043
0984249591
0989139400
0985767852
0988608346
0989685949
0986312967
0940732058
0980943563
0984143558
0980020217
0982879064
0989204138
0987952451
0989039553
0984467816
0982576552
0987777406
0344061630
0987354055
0981543020
0988215040
0984012668
0367056517
0983464975
0984054579
0983837357
0681350152
0987858220
0980539417
0928269818
0985952051
0984777496
0983634380
0489050127
0985202824
0989579862
0980495708
0997212355
0989436695
0986556038
0985726784
0989810673
0981286162
0982106832
0938431158
0987795352
0982646374
0984977319
0986296385
0988436278
0983676477
0986064687
0986638889
0789050597
0984733228
0986648508
0988372643
0989535325
0984973844
0983783683
0988044520
0984046019
0984773485
0986017948
0985780421
0989768076
0984535894
0985432996
0988413552
0984344384
0983177308
0988157255
0989255142
0987712173
0983366960
0932129533
0987848458
0985943073
0989511581
0985012774
0980314289
0989293245
0983662790
0981788667
0986331604
0988790887
0984751207
0984041630
0981756832
0988646101
0985808812
0985907016
0981383827
0985007519
0986562296
0989354501
0988767705
0988909128
0986332196
0985576452
0980066049
0987077223
0989858563
0980296431
0985406211
0937188139
0986507594
0980053294
0982527837
0980398805
0981821793
0983614798
0981311275
0987252459
0989063228
0989360043
0987819382
0988494845
0983646368
0982509857
0987534470
0987133259
0988431332
0988728664
0984291559
0987663577
0987823187
0987393087
0987253546
0986840696
0982968537
0984414993
0989364777
0984088142
0984709792
0981403426
0980887136
0983689054
0981848338
0984888018
0982008544
0986496495
0988674576
0386644533
0981265701
0985136075
0985988164
0984100545
0986785836
0984756095
0983809060
0977954381
0987846687
0987037735
0989374008
0981303859
0986965405
0987724935
0981829412
0989839939
0980366774
0984091995
0983490509
0985621962
0985413070
0984999054
0985488876
0989944526
0983043538
0989052043
0983480142
0569537515
0986808239
0985303190
0989977591
0988809650
0788619876
0987729570
0989405915
0985099608
0989143478
0984010548
0982978998
0982142146
0985002803
0988810799
0981518264
0984427289
0909013392
0988108682
0984761518
0989103287
0980522401
0983135621
0986579489
0985379853
0988293152
0991837327
0984515299
0986681431
0985089231
0984341295
0987048431
0908449164
0984205800
0981313278
0951119425
0984792207
0985370289
0983573012
0985987954
0985190558
0984973025
0983400352
0989509237
0986691681
0989321974
0983411898
0981133804
0980337973
0983523814
0983714951
0989278123
0984341464
0980613512
0983641992
0980135703
0980679986
0982092863
0988748698
0983826106
0988573756
0989268966
0988076148
0987172052
0984479410
0981551083
0985494634
0980913880
0983762616
0988046719
0985947933
0989673311
0982010989
0987578890
0913499386
0980738314
0988112347
0982433808
0983207578
0987227549
0984936650
0988113213
0986358965
0986634780
0988450963
0982472270
0987302601
0980349946
0986447955
0918857567
0989096902
0986353589
0984039851
0989799393
0983550122
0988046296
0989531204
0984826208
0985170158
0982972633
0981992590
0981558673
0981564288
0988012814
0987996397
0980131560
0986207668
0980404512
0980731972
0981568666
0989434086
0985578646
0980641084
0585747887
0989255452
0985821346
0989411525
0989906532
0987758450
0987743819
0981783928
0982999230
0988654033
0980099237
0988412520
0989168612
0989745013
0989543532
0889899594
0981482143
0981363344
0912295456
0982156285
0982458949
0987996389
0988062866
0984008610
0786013015
0981928123
0982666098
0983109705
0983893279
0983316685
0985316923
0984496463
0986476896
0984676675
0985236649
0986152934
0984963986
0987830361
0982384212
0908224727
0981239327
0985912075
0986622625
0983706983
0362215363
0980270131
0985413067
0989591991
0980481859
0987860058
0988626746
0984555455
0985277621
0984073484
0986853258
0987342653
0988483854
0981873661
0982776120
0987738865
0986769552
0981302913
0982974936
0988813043
0983246541
0981644671
0923285870
0985324187
0984778097
0989686708
0987330065
0988614010
0986830119
0988450153
0986347708
0980459392
0986844145
0987607527
0984321217
0983679102
0985468213
0988807001
0989718921
0982685199
0988652632
0985752104
0985118155
0982426616
0989978880
0988058395
0982482539
0988969054
0985299394
0986174271
0981747535
0983726217
0980026891
0980173135
0982696265
0984592765
0988191324
0989806604
0988955387
0982074689
0980813586
0982370867
0988115940
0983839710
0989214355
0984854644
0985809409
0984154544
0982869704
0984813901
0982754909
0987726239
0987825621
0986461959
0987285048
0985121227
0988314360
0986403843
0981107514
0983849017
0983914721
0988221055
0934665942
0983392506
0987705167
0988818206
0988079892
0989409846
0989768242
0980185316
0984192776
0337047392
0988508208
0984475677
0981430481
0983826455
0986018809
0984479609
0986139939
0986683834
0986596532
0981629163
0988470003
0985195636
0985137767
0849957340
0989635144
0983556223
0989486337
0985921056
0987733740
0980889415
0980763116
0988503519
0983431541
0987405827
0983185234
0984315806
0992138615
0988307395
0985765450
0980305691
0987520574
0984588977
0987816045
0982239419
0981687960
0984161325
0986506154
0988507142
0980804324
0980912069
0985300578
0952421116
0988830734
0983534911
0987560303
0983505133
0985508443
0980793771
0982014698
0985814947
0983564629
0982073476
0981052750
0984054183
0980394178
0980779779
0983807797
0983958338
0989911177
0983084693
0984902729
0986823138
0986199606
0986615995
0987147242
0282376455
0985572160
0985931999
0985992006
0985748460
0982860418
0988492521
0985734437
0983980351
0983473867
0988874415
0985171509
0782462049
0986109683
0984029528
0987130208
0980139556
0982096977
0981701641
0987607876
0982002478
0988188078
0989610182
0981810554
0983344435
0984683819
0925586829
0985581082
0385401925
0987481063
0985537132
0989428071
0984737667
0988532039
0983741886
0984645534
0982359916
0987947046
0905287127
0982598403
0980449071
0989311376
0987872862
0981144015
0989330896
0986919109
0988197543
0562314859
0982681844
0909873089
0983663814
0983754785
0982251038
0989274924
0981810988
0984231496
0937451371
0986879779
0980532914
0989464285
0985535847
0986652067
0988131516
0982410456
0984198148
0988963776
0985446283
0989959734
0980696125
0985428975
0987466434
0986983017
0986250068
0989320662
0988238874
0986739265
0982596797
0989120800
0983852241
0984550895
0989898920
0684328488
0984751335
0981381609
0986846234
0989419571
0987688923
0987498187
0988199840
0985807024
0988445862
0985752397
0981293486
0983482101
0189250604
0984964973
0987343792
0989872828
0988893498
0915156535
0987700182
0984693731
0988802490
0984853298
0981362543
0980043120
0980974937
0984169831
0984798942
0989723286
0985649697
0988823301
0985774811
0988767656
0987472150
0986164112
0981023004
0982158142
0988898288
0984524122
0986050500
0987512359
0984958775
0981375031
0982228786
0987524351
0989770372
0983095019
0989571520
0988502511
0988602803
0988451462
0982967292
0382878605
0989484237
0085857933
0981288047
0930753001
0985377833
0982446455
0983830901
0982502707
0987737734
0962095072
0988115160
0980215349
0989034147
0984054981
0987299215
0982142908
0983472302
0984077602
0987076317
0983466934
0986746549
0984416445
0986210886
0983531000
0986518468
0989327715
0980023894
0988178137
0985925554
0983197806
0985294794
0981257220
0987044044
0983373570
0984158778
0686915099
0981505155
0986030821
0985088030
0988142057
0983749047
0989060126
0980723817
0984644644
0988288749
0932931363
0983653331
0985026249
0984491396
0984130318
0984765726
0932982589
0986319885
0986857966
0984290683
0987947888
0988079076
0981075018
0984783715
0986737826
0981483309
0683336289
0989424868
0981746786
0783353164
0983985454
0986014376
0981584610
0981833692
0980315742
0988600208
0986857126
0887324931
0983648854
0982429270
0987222423
0987633358
0986454613
0982752084
0983213718
0984939390
0985532813
0987880040
0989029522
0985489825
0988351058
0977257498
0989189061
0966927196
0986423286
0988885350
0985345962
0987209565
0981333086
0989580616
0918089048
0985662018
0987178669
0981338553
0989218272
0986939584
0986163033
0984324833
0983635253
0982158963
0987973682
0985608286
0982478796
0566805963
0980381551
0985824061
0980692123
0983859061
0986802885
0386944047
0981948420
0980860466
0983903997
0989012013
0883405144
0982380277
0984981295
0987987203
0989771530
0986944044
0986146929
0988031395
0989368019
0988500514
0982860258
0981417836
0980732005
0983394328
0991354760
0982652798
0981217409
0981693886
0984949638
0989572307
0987551868
0982930333
0945376763
0987645845
0984493147
0980959815
0987484739
0982867705
0966116871
0987020372
0988669328
0986304440
0986289955
0987974559
0986162723
0985477972
0987030779
0988976566
0980259137
0986632460
0971819089
0784722948
0989741431
0989985374
0986451484
0986189122
0980194385
0988486074
0986892824
0981105006
0989370153
0981879967
0980773717
0986781343
0987856735
0989969714
0989838549
0987996048
0984896287
0987553278
0989892067
0984311994
0983382568
0987106841
0987837073
0983657315
0987675299
0981429483
0986362331
0981206441
0985907213
0963955147
0981366118
0983881895
0983773634
0327885902
0987553400
0980867010
0952161445
0980485124
0981093999
0980343338
0982152283
0981947210
0963830083
0986429115
0987010345
0987909208
0989100744
0988422303
0986492911
0981978909
0986992818
0989071200
0987020683
0984448615
0985046246
0989588077
0983073650
0982840817
0980491531
0349873257
0980070453
0985249184
0983837685
0996152888
0987129393
0988523549
0938833899
0980913393
0989430989
0982725738
0981154059
0984722704
0988114906
0987653057
0983183441
0983776318
0988641721
0333313032
0976716565
0931419475
0986972664
0987411533
0985625067
0982998541
0988957662
0986556699
0989775684
0987861997
0981713141
0987084540
0983740194
0983387565
0989945797
0988577874
0987601605
0980244811
0987021287
0980848865
0983108944
0945287673
0983875319
0984583431
0985601351
0987883991
0988014617
0981255560
0983331909
0989854201
0989339583
0988159485
0986032029
0983389909
0984549158
0983301789
0980467955
0983782419
0988202306
0983209948
0981658624
0986053711
0986689738
0980721728
0987217631
0984549373
0981630285
0988846655
0987212960
0984045317
0984116917
0983432854
0988510990
0984949217
0988436506
0983763556
0982023049
0982305982
0988043623
0982726512
0989019413
0982369309
0980290946
0982131759
0987240287
0984373095
0989741348
0986901329
0988928717
0987103388
0989758502
0986152073
0987416268
0984340827
0983453876
0985698525
0984887931
0984706323
0982118161
0989744976
0986479396
0987195779
0988110526
0980978671
0984576472
0986774228
0989687304
0988738817
0984334985
0983951422
0985517413
0987714412
0988371407
0981302283
0983114602
0984644786
0918215309
0933150138
0985640890
0987666980
0988133621
0987053836
0985644955
0984138425
0984088217
0985612634
0948874909
0987477140
0987498782
0982212184
0982730642
0989559970
0926614665
0989824973
0983837858
0988034217
0984204604
0988588941
0985241658
0988574826
0918894154
0986530484
0986586276
0980043992
0906208136
0880008728
0948102780
0984001331
0980032269
0988500916
0985616600
0989154856
0987189225
0983585326
0986829304
0980688810
0987239894
0984741510
0984864956
0983474530
0988970346
0989954023
0986884825
0919011615
0988118747
0987511554
0984336794
0982522570
0981999453
0985485162
0985349487
0985992447
0980512439
0985890057
0981237728
0981162947
0982477641
0983725520
0987864884
0983296466
0982695450
0987440673
0986517865
0985230334
0937397237
0987764731
0987909376
0986528228
0989768247
0987209400
0983977607
0983863901
0989406278
0988694612
0988862821
0981576914
0988195451
0981226405
0981064299
0988340064
0986324989
0982360204
0983048742
0987083298
0985677528
0985215645
0988201482
0989736119
0992007723
0988774944
0989980126
0985540769
0988301779
0980148996
0989196947
0988573554
0985195694
0980558101
0985185734
0986056404
0989496033
0989808423
0987718198
0989250113
0985567898
0981438567
0984429023
0983951918
0987297704
0984491775
0987906593
0987046564
0987004408
0982643412
0981381183
0981657996
0982321217
0984042885
0985777880
0985752724
0985029407
0981443150
0980549934
0987358340
0704517442
0982833218
0988121247
0989807824
0983228731
0983317153
0988070065
0984165448
0987345530
0981657102
0984395292
0988999468
0986398079
0987508266
0986742213
0988868795
0922658477
0982710037
0988455221
0982621965
0989545546
0984042029
0987530717
0986008636
0988898885
0980579480
0988465401
0985220448
0980731487
0989386826
0981907912
0988938252
0986957974
0981179073
0984273095
0986873516
0982304564
0980087665
0988663056
0987281519
0981973242
0982900029
0986407851
0981734388
0961116662
0980659695
0984324689
0983553243
0982537980
0982540373
0988476123
0987644480
0984009044
0984844010
0983613141
0985048880
0984205036
0988795615
0987605464
0983653590
0987829642
0985633919
0986782636
0982831359
0983676231
0986953447
0984042586
0982596232
0983656745
0988481889
0984507473
0988656450
0988641697
0783303933
0980233572
0986032668
0909531403
0985028196
0981177494
0984077657
0989486935
0484657072
0983495278
0985995534
0988998545
0989484704
0981476544
0986657719
0982004868
0184911080
0982720858
0984767002
0980905701
0997388611
0986493661
0981459623
0987915592
0985460695
0784745890
0983389364
0987599904
0982191220
0984992940
0982782237
0987740821
0984703759
0988438172
0981691262
0986687186
0988885864
0987423420
0989813106
0983340662
0983978118
0792391913
0984695017
0989773720
0987204565
0987187402
0980715646
0989457802
0985036356
0988141801
0982779351
0986741976
0982783292
0987190201
0585644402
0980974238
0984383739
0981147391
0981012936
0989845479
0980249131
0984233697
0988848431
0986065710
0984071765
0987777810
0989039260
0986865878
0986068362
0988033315
0981531697
0989900768
0986634843
0983476707
0984843438
0983542692
0989567701
0983728889
0985188322
0988217579
0985425361
0981847665
0989747903
0985459781
0986608051
0986099645
0980448857
0980377428
0983076845
0986914126
0980215990
0989304761
0985966055
0987796685
0982889995
0986768391
0987766523
0982145132
0988554590
0994865519
0987389917
0980738147
0981270261
0982664066
0989956448
0985458340
0987500068
0980451672
0981889336
0989849751
0983193986
0986634277
0982190517
0984536095
0989573374
0988617334
0987636770
0984008781
0988447357
0986796308
0985111379
0984563682
0987474050
0980292623
0982100999
0989732420
0924296163
0981455175
0987357290
0984041354
0984039880
0985741930
0988878641
0988868815
0981770753
0987664852
0981804004
0981200744
0987888794
0981005528
0989672019
0984282429
0982500266
0985804759
0986071874
0961874628
0985905832
0984244050
0938641091
0986915640
0988071319
0982715625
0985923622
0985375666
0987373771
0981733756
0986441717
0989596779
0988317567
0984281286
0987093271
0983071533
0980506570
0987647173
0980376548
0988031719
0983902692
0984151355
0784584918
0985941629
0988812222
0986675074
0984977730
0985286785
0779160869
0981978824
0985677622
0981626163
0986205364
0986991977
0989196455
0986418852
0983924220
0939568844
0989627720
0980782690
0985538588
0985643241
0985676151
0988853139
0983431768
0986851558
0989529866
0987351660
0989668970
0981261648
0915727153
0989087584
0988368289
0981617110
0987873681
0984480339
0989049893
0986293880
0984352455
0985058939
0984090246
0987182465
0888051988
0984476675
0981591629
0982596445
0988963209
0982054767
0984955871
0984317417
0908778459
0984347756
0289627497
0985075414
0984138958
0967184328
0986464374
0289472607
0986350423
0987717206
0984828040
0981860375
0981779429
0983711911
0987488243
0985774793
0987823301
0989327323
0981406420
0983998287
0984886885
0985871260
0986765898
0988221066
0988612572
0981817270
0983780387
0985551622
0985671405
0985457531
0980071862
0988022905
0983297817
0981188573
0988522554
0983830737
0983221359
0987045496
0985623774
0686777317
0989301693
0985101487
0989635963
0988743412
0988991950
0982254405
0980237025
0989873738
0982355735
0982533314
0985637966
0985210039
0984901774
0988634842
0981076425
0983720852
0987858735
0985860092
0988522189
0187795283
0983000115
0980376397
0981598082
0988629857
0989225754
0985060747
0994152404
0987425254
0981687727
0997272579
0986017077
0980605032
0985201922
0981007062
0988232641
0688999712
0987312862
0986351971
0985602777
0987598005
0987469541
0982796356
0983656464
0981337700
0984469861
0985615745
0988419999
0984840328
0986747530
0980178304
0983569031
0988538162
0988201403
0980988431
0980984878
0988034573
0983676717
0982589635
0980148212
0987783146
0987099978
0985676853
0983984067
0919532181
0985453505
0982999984
0985680248
0986825617
0987445499
0985729699
0985649705
0989144088
0987731218
0980724777
0934442169
0981120126
0987726667
0189587441
0926454354
0981924382
0981617442
0985412234
0984773868
0984260576
0981885993
0989466356
0989653739
0989739234
0985921482
0982576424
0983587803
0981256621
0981433265
0984461894
0987597683
0981157568
0982176613
0987090616
0985345952
0989111451
0988197638
0980269282
0986778946
0988814291
0984364006
0988311110
0989152100
0981083362
0981738515
0986696856
0980030186
0982173855
0980840933
0980445411
0988511913
0989796866
0989007650
0986557470
0984276339
0989045629
0988574478
0903302930
0982340577
0985982533
0989830685
0987776953
0988405592
0987235289
0989877829
0984924765
0989178323
0985316863
0986393705
0985984219
0983013149
0989166484
0985858605
0987067151
0989530536
0980488716
0986180827
0983218421
0988080601
0985668337
0987286566
0988106876
0286367632
0986635438
0986643759
0980575618
0983869901
0981734953
0986201702
0983711158
0980681300
0931157385
0987257395
0989470460
0983575772
0981304881
0988494184
0983534483
0985045589
0983420843
0989934605
0989418471
0952690868
0983473216
0981857333
0986497843
0283152607
0982579893
0980855857
0985054237
0981382516
0987604494
0986165577
0984323791
0987789256
0985376353
0986476607
0980384934
0989670540
0986827448
0961114025
0987595372
0989111805
0984116943
0988419228
0980426670
0987506430
0985644388
0984333985
0985054252
0983530438
0988634606
0984292027
0987366834
0986075677
0986741070
0980725736
0988491685
0987989935
0984562857
0981059606
0981923369
0984469223
0986394825
0184230311
0988098089
0981307833
0988097814
0982798236
0906635559
0984510434
0984516832
0977428582
0985533154
0989917212
0924158388
0982899212
0988541492
0986146919
0395859242
0986311691
0987152466
