0988081918
0989132540
0985485898
0986817647
0989661121
0981907906
0981781442
0985767996
0985333801
0788562899
0986745326
0981245682
0986833571
0983842418
0986480448
0983073632
0982572380
0984603391
0982995410
0984444244
0982081768
0986818969
0984136764
0988517796
0988352794
0986071759
0987781064
0981592012
0983317172
0989522744
0988020971
0984478597
0983817430
0986053858
0984855390
0985537447
0985008978
0985009291
0988690217
0988917747
0985946528
0983841972
0984691978
0986279952
0980523827
0985406286
0984271616
0978736664
0984808690
0984055984
0987534156
0982033521
0985029245
0986378429
0985711989
0982949338
0983480795
0332794815
0985778725
0903028336
0939326067
0985513808
0985016907
0983265120
0984746307
0982897491
0959695362
0989689620
0985981681
0984243665
0984457345
0989978666
0987724669
0989619498
0985298138
0989876584
0988269101
0985163500
0982381606
0986565855
0983778108
0987731898
0985235003
0986248933
0984959665
0983918563
0988882676
0982799231
0985697029
0980459648
0980772510
0987822913
0989440673
0985448863
0996068573
0975103512
0986617522
0980279461
0985833554
0989214011
0986747245
0989149676
0985662886
0985101980
0985655651
0989813018
0986870661
0986519235
0986806822
0987854375
0982032476
0988682650
0987052294
0983098651
0984985023
0980459291
0987741294
0982888923
0983408026
0938984017
0985941121
0981962062
0887088245
0987525532
0989685974
0987223236
0982415692
0987428153
0828752099
0981789381
0989259797
0989089531
0483939840
0986286281
0983168462
0980536774
0978368855
0986901872
0983793427
0985900010
0982600193
0986284362
0985371619
0938488634
0988214642
0984451180
0946779973
0989489745
0986888823
0988249166
0988882852
0983990063
0988770018
0985377173
0980947719
0965452186
0985430460
0981183536
0985751456
0982920786
0986078187
0988951382
0989477572
0988364443
0988151620
0984856041
0982274248
0982059445
0984911591
0964566645
0987943117
0983734201
0984337975
0985763611
0983063512
0988573075
0982391754
0985964346
0989363522
0985140082
0986747385
0780748159
0984694838
0983040594
0982937824
0986794634
0989884862
0985874651
0980257695
0982983366
0988285589
0986199204
0986760379
0982802614
0986807624
0982594391
0986212714
0987974499
0981636607
0983952423
0984934941
0988985530
0988151739
0985005721
0934681093
0984017427
0983993225
0981296411
0985888481
0986258953
0983913478
0985037183
0987560464
0988425798
0984488581
0982987315
0987765114
0989988600
0981547265
0985067433
0587627092
0777740322
0985532467
0986501253
0989472382
0983479246
0989085328
0980072571
0981256337
0984852968
0989930957
0989771500
0985518407
0987129648
0986131085
0918000253
0987960294
0783911017
0983878562
0988668790
0984906086
0985771819
0988675886
0981135279
0986570513
0984209147
0981182877
0987396283
0981262318
0987108953
0988035655
0989644282
0980868298
0982631935
0984453901
0985145990
0987175360
0983811314
0989147277
0984223404
0987713789
0987643957
0976582002
0981059638
0987099970
0981464191
0988019725
0983049214
0989212359
0980140762
0987840883
0984730085
0981559570
0987649594
0981107128
0983246800
0983490843
0985716953
0984706375
0986234194
0984843665
0929885515
0980195466
0984459522
0987394828
0898599427
0980165339
0980695379
0988432153
0986908315
0989212052
0983485435
0980845393
0985046997
0983744483
0987453356
0983510270
0985583431
0986011421
0981188845
0987748459
0988744737
0980376177
0980961300
0981219097
0980105643
0987186618
0980864391
0980636176
0980826247
0987375585
0986547684
0989852881
0989151668
0984510464
0986780880
0903817463
0988480891
0984313707
0981871060
0981510171
0984551159
0988000683
0986756501
0905514288
0987533046
0986350871
0988481063
0986747570
0985488054
0985152451
0988008971
0985001452
0987454386
0984311712
0981300566
0989888802
0982736517
0987283944
0981894605
0980444550
0989936345
0983729900
0983963622
0988492463
0988624279
0982523220
0989697948
0981742210
0986684568
0981800677
0984071009
0981064437
0987255903
0986889756
0989529517
0987450176
0991376640
0986741997
0987488466
0983633314
0987767856
0980626881
0989270658
0984824656
0981186700
0980939416
0988858924
0989424189
0989601349
0983352786
0987969630
0984843274
0981896691
0981083050
0980839209
0986847652
0983489312
0987965149
0987269732
0981672860
0988932762
0988819125
0987776325
0985071548
0989035919
0987560651
0984504578
0949451637
0980082026
0984056486
0984674615
0989169373
0986137937
0987723802
0988458035
0980768187
0983710855
0980575296
0987221546
0987255868
0989028998
0985681866
0988155250
0988070072
0986293469
0987599776
0986713606
0983267359
0989144356
0986390847
0977494656
0982735794
0982206245
0988170627
0980136620
0981639183
0980768991
0986661751
0982731551
0988503902
0988939604
0985580648
0980389903
0983434504
0985801864
0989721941
0982635802
0980219211
0980984084
0989871674
0988217776
0986256134
0989123485
0982198478
0983634409
0981988479
0989738160
0986442763
0989879634
0987754631
0984857144
0980902026
0987288426
0989285849
0952578028
0949873502
0981529833
0967966097
0986310649
0986504160
0984115703
0980199181
0984341503
0980620136
0983544284
0982928006
0985016829
0984476005
0984422781
0989445309
0989599571
0984618667
0989376451
0987471039
0935276404
0989810229
0984711846
0988343909
0985279052
0981074908
0982944992
0982815928
0982811039
0926476807
0988060683
0985736243
0987037557
0984301342
0986551753
0988305514
0980119839
0985655656
0988781738
0982114422
0989323577
0987094051
0980396255
0988581702
0986684666
0981328061
0987112411
0986222387
0981808725
0982616908
0980025582
0981600599
0986892660
0984440547
0983584745
0982278164
0980474539
0986353000
0983427832
0988240660
0984525921
0985233830
0980737185
0973874609
0985181770
0982633026
0983494123
0989991048
0980117852
0986452677
0989329944
0985368601
0988304393
0984103256
0933996041
0986459735
0980851743
0986691197
0986782329
0983512377
0987336664
0987741865
0986939210
0984897146
0986337046
0989525939
0981482632
0984406130
0984604972
0986312162
0978591811
0980985172
0986296766
0987101989
0988409344
0983362319
0988170159
0985573210
0981277799
0986688355
0986779627
0985317002
0989838150
0981068225
0987166860
0987111678
0989106858
0988754376
0988570245
0988127073
0982252828
0981514942
0984987909
0986690019
0980563670
0988273920
0985029764
0903578069
0988722408
0985928057
0980602773
0981295222
0983009885
0983223736
0987596615
0981997614
0980017872
0982660676
0988067476
0988114238
0987744244
0982359798
0986241584
0987351117
0988420863
0343327067
0985188594
0988614384
0988899150
0984841056
0988234861
0980728881
0985629282
0984535853
0981564400
0986048107
0984214746
0988556694
0985474881
0980595984
0985460141
0985953340
0951601782
0984300646
0981589073
0985007122
0907090782
0985101510
0988712495
0983959732
0987799953
0983724998
0983896086
0989808280
0987736764
0987291025
0985533899
0988281767
0989947073
0989105493
0983717605
0985047263
0984943536
0985802122
0980408728
0985717793
0937613297
0987323549
0988606504
0987892463
0987454720
0982738938
0984358413
0988631445
0983397957
0989660273
0988992062
0983537307
0981045743
0986755304
0928063724
0988643496
0984427291
0988581734
0985407964
0988201078
0981920517
0285001652
0984843771
0982640721
0988410841
0985196271
0180034508
0948571782
0986871730
0980019791
0980038552
0980344226
0988560733
0986702416
0984912185
0983830168
0986028284
0887977377
0987965444
0984963037
0986454788
0986825393
0913506771
0923674972
0983324688
0987775526
0985279323
0989310200
0989999890
0988504169
0989832435
0982689943
0982677988
0987310267
0983558229
0985568536
0980475403
0989800272
0986915185
0980677836
0985680698
0988678691
0983897704
0982522517
0989901272
0989641132
0985071644
0981880170
0980004847
0986336529
0985867096
0985124766
0901361909
0987109309
0987856777
0989775043
0981728869
0986685815
0986618615
0985173271
0984489438
0989691301
0984627070
0987999618
0987935991
0985121199
0987567416
0980577277
0989620008
0989427636
0988930238
0988446389
0984598669
0983079385
0981626195
0986329290
0984884425
0987032996
0981897102
0985517258
0987772796
0989481686
0985335948
0981654216
0985803873
0984605928
0982939760
0988765175
0988657420
0984316656
0985923227
0986872819
0981848848
0703784840
0985117721
0980369117
0866132650
0983472227
0985419737
0986797766
0980151094
0382827656
0981607553
0989552372
0989652592
0981299040
0988159587
0989549972
0986832279
0988612792
0684982823
0989026353
0986785000
0986227449
0988851343
0900027900
0982692102
0989735495
0980163038
0985194416
0987256954
0982571887
0987166809
0984764002
0989248304
0987239779
0986044034
0987503142
0981095062
0983710083
0983428516
0982576189
0985083049
0986453717
0983947211
0982499334
0986065007
0983713267
0988187565
0987557517
0986735136
0987481937
0988933822
0985116821
0985922776
0984988969
0985498969
0989669403
0920444649
0985908141
0980228674
0980398691
0986169898
0987737300
0985943193
0987336389
0985846979
0982104473
0989344274
0987725606
0989521636
0983136132
0983600044
0981649764
0989411120
0989204959
0985165186
0987773896
0983955027
0983201784
0984977596
0980842485
0981811409
0562443041
0987450306
0980105141
0984917237
0985792470
0984832918
0981567490
0986630015
0910125681
0986541984
0989248721
0986281872
0986168481
0984590106
0984902035
0988836456
0981631277
0985069065
0987065173
0988667463
0984614702
0981070671
0985459107
0984886751
0982139889
0988971554
0984557535
0983524088
0987518090
0987991541
0987059695
0983899562
0983422764
0988837716
0984809883
0983037930
0982988314
0988131003
0327511149
0982640087
0944404650
0986455064
0982616852
0981087502
0981157012
0983782256
0563242124
0987889907
0985169285
0945419120
0987172091
0988406496
0986480852
0985974361
0489069102
0982832914
0982670322
0985005180
0984005148
0980438398
0985319253
0987025363
0982950457
0984917010
0983504293
0981615078
0983421426
0984634102
0983648043
0886081033
0987161596
0981969747
0984163189
0984920702
0988117145
0986637327
0986310516
0984788024
0986658994
0984550406
0993916694
0988084156
0989112409
0680986294
0985092469
0981181340
0987189378
0957992681
0984784463
0982436094
0987604595
0982189264
0983385099
0982972183
0587966456
0988729026
0986883976
0985626367
0986489118
0994894163
0983589940
0985465517
0985097737
0983756761
0982589734
0885704943
0989726017
0988784896
0981423826
0989347804
0989850757
0986786709
0984873400
0562293883
0687583435
0983710962
0798892959
0986643890
0985524574
0989862149
0589093767
0985362499
0988929920
0987861076
0981183331
0989767210
0989552866
0984039991
0981185948
0933369414
0980293804
0985202176
0983884338
0982663420
0983454637
0986638719
0981903993
0996961994
0989628689
0986099029
0986854916
0988657426
0987959799
0983351107
0982252899
0988925575
0987653087
0988914461
0984814417
0982067321
0988947724
0985139834
0985503896
0986842534
0989311148
0988355930
0987081803
0982055400
0980441211
0984725057
0989998225
0986821031
0984573048
0985385789
0984605030
0983465512
0983461871
0985751045
0981200118
0985292513
0953429214
0988492622
0986420317
0984240559
0985525809
0987416537
0982557817
0989433442
0988165181
0988500808
0883916634
0984337534
0984477425
0986808918
0989451141
0989878980
0988582946
0988309915
0981398108
0984162312
0980639442
0989041088
0989904682
0982653774
0987751538
0989473368
0983265477
0186516916
0396035564
0986347215
0987967467
0984895555
0968008209
0988276347
0983413323
0989703243
0987393033
0983931585
0985002596
0982815254
0983487176
0982886888
0980493060
0981913044
0989529103
0921942130
0987206701
0988603560
0983793980
0980715285
0980583933
0988786750
0989786384
0936007145
0986963341
0987333724
0986094023
0988065084
0984456475
0986688638
0982654516
0989709839
0983949188
0982798982
0983604911
0986980216
0986215511
0287444462
0980544635
0982870803
0987501313
0903767234
0980929729
0983141064
0988730952
0984145585
0984247982
0987607120
0980728239
0288170033
0967028224
0983591711
0980780039
0985547845
0987124803
0981604725
0964987443
0989812600
0985868597
0108324028
0982725490
0988642986
0986545063
0986541035
0989986440
0985030724
0989547409
0985527742
0980836301
0987413238
0984909760
0986914191
0985406151
0986829697
0989126283
0983298164
0986158032
0985838078
0986046834
0988948611
0989294990
0981680028
0981119356
0986689285
0932124238
0905970133
0980929721
0989676097
0981068189
0959198938
0989825351
0982811591
0483050344
0980532025
0984093421
0987076783
0982945348
0983971215
0980642983
0989341089
0987309263
0986401931
0988599403
0984570211
0983060412
0989392904
0382280331
0986569079
0989523389
0987035661
0989705124
0987561055
0987003654
0986035020
0987576605
0989868517
0981779157
0980102804
0986190768
0986551469
0982379381
0985694028
0985347664
0986932563
0985557093
0989545196
0984972212
0988199983
0982446829
0774738277
0989535657
0985326884
0985906042
0980371242
0983517340
0982937859
0988652544
0985723618
0983423422
0987147645
0985273404
0981939177
0986655929
0988281583
0988544286
0983272939
0981976154
0984511484
0987024558
0987298692
0981350649
0982524658
0986128360
0982895587
0834553500
0960406578
0982164650
0986702066
0986386785
0986613976
0088050488
0981780003
0987233478
0988714378
0983916576
0988502228
0985620421
0982271420
0983087165
0987667547
0983911316
0984270750
0985455306
0981597721
0980079040
0989747786
0985181919
0986060424
0985589910
0987815546
0989494388
0983906208
0982170650
0981591243
0981461971
0684110528
0985839429
0988083360
0981630667
0986465519
0985008359
0980615840
0987835451
0981316633
0983374421
0286702022
0986126764
0981302873
0985806723
0987793142
0988503720
0989717455
0985336949
0185944299
0980676000
0986847126
0903937177
0984332844
0988723944
0983684936
0986166352
0989346820
0985863317
0984002362
0988270748
0983475699
0988489386
0378553866
0987379485
0982297707
0088978315
0986485388
0985508366
0989135977
0989240049
0983025060
0984636367
0983449170
0988825698
0984615993
0989413270
0984468481
0989655155
0186776648
0989918561
0986709022
0980786794
0988880659
0987444154
0680564895
0987429195
0989625941
0986137311
0980756761
0985254145
0987819242
0989660446
0987218856
0919992424
0985724816
0980809151
0589131893
0989184027
0583024041
0958319863
0984477031
0989722441
0983413297
0985651865
0988656634
0982912685
0985034178
0985787737
0995047195
0987733341
0968427737
0985082149
0982224002
0989710792
0985845942
0989540786
0988779570
0980727265
0988428077
0980480248
0283300871
0986197776
0980061481
0985933765
0985655625
0987719592
0981520141
0982749696
0984987930
0981569828
0988868626
0983934315
0984635111
0985615871
0983891942
0986167271
0986330713
0988877166
0985214776
0987644083
0982958040
0980741951
0983173950
0985146646
0981953902
0986392068
0982788997
0985185206
0981633993
0987018901
0986196703
0984056526
0985636493
0985862601
0983505217
0959371366
0980686667
0987438950
0981991932
0987763521
0984444107
0988280533
0984774170
0881744686
0986819615
0987800077
0980748643
0989575527
0986636411
0982357715
0989318095
0989029926
0981098046
0983804436
0986705279
0982454231
0984643003
0987121209
0988368889
0980484025
0986146686
0983663360
0980987153
0984747687
0989392300
0683820246
0985413415
0988875903
0987737962
0984515467
0985838097
0987379070
0989231592
0984464189
0980754291
0986246494
0984868235
0988759687
0980036978
0986131420
0984754245
0984348887
0988224429
0989720387
0982811952
0984644628
0980833767
0986805616
0980649197
0984577897
0901059743
0986772346
0981176960
0989300716
0984826863
0989132189
0983074078
0985261443
0980894983
0982296245
0980888348
0993541004
0984799656
0988158586
0989490961
0985777376
0981967822
0987219290
0986222006
0981840262
0989259014
0987638717
0985987876
0982298866
0988123049
0989294415
0982583222
0989561120
0987402922
0987082128
0988057324
0987036594
0987186196
0989674661
0987406517
0384456407
0982813734
0986213215
0986347343
0980100932
0981950354
0986127120
0989686821
0981264931
0989317677
0984692276
0989444212
0981273098
0369487882
0980090538
0989641708
0987303169
0988703604
0985597338
0987417687
0987775317
0919488912
0988285611
0987278428
0907726924
0984525237
0988829033
0981679191
0906729020
0987804499
0980440698
0980114146
0986546935
0980993429
0987314828
0986324841
0945915286
0988758595
0903326182
0984529227
0987053879
0980172273
0984247555
0986473642
0989875767
0989348920
0987782222
0987185130
0986029837
0906675799
0982685947
0986071763
0986785255
0983632218
0987914850
0983610274
0989362092
0995150692
0987149987
0981159434
0981600744
0983308882
0983586315
0982215923
0987076115
0981823815
0981664765
0989806703
0988604867
0984800873
0984749152
0988510744
0988794953
0980140084
0984047640
0980391442
0981497338
0986560130
0988332243
0984635893
0985111516
0987716724
0928411545
0987162078
0984987692
0984213735
0988191943
0980973077
0987065887
0986357454
0986150137
0984636348
0987427529
0985671338
0985995975
0983621489
0983378162
0984642656
0981839702
0987890301
0989617674
0984300871
0984992117
0986964356
0988389315
0785477374
0951839409
0988470134
0989756052
0933063765
0383573270
0905639777
0987622651
0980000251
0983215343
0989424357
0984284290
0981491896
0984510812
0959211210
0981851969
0980777373
0981088006
0986697539
0987855424
0987726753
0983184466
0987647957
0985906101
0980908693
0983449972
0986484659
0983202301
0984041422
0989210928
0988759670
0986838645
0980489815
0983042295
0987004364
0989486372
0989052866
0987559898
0982938891
0986508517
0981010847
0986609016
0988661902
0328845399
0983573795
0986078889
0983445281
0986497746
0988018793
0987516142
0987631369
0984517538
0985974800
0980654406
0988282637
0985046023
0982274537
0986815976
0984882654
0984274013
0986923170
0985676481
0989275218
0980144746
0981299273
0985414307
0989679314
0987812313
0980187317
0988212097
0983667692
0984648742
0988784348
0982140993
0989210306
0984650786
0566306084
0980407936
0984930373
0983962800
0984647397
0986057921
0982694092
0988974336
0988609214
0984688636
0985126838
0989949794
0988625167
0984945213
0480061867
0984642065
0986692932
0923704231
0987683838
0981699418
0988146749
0984984759
0984265279
0983276745
0988979165
0985490540
0987557234
0987173825
0987971060
0918482961
0933221858
0988386720
0777736677
0981546056
0580674356
0984857816
0989540768
0987300262
0987767960
0980580289
0986901514
0980746913
0985489693
0986517161
0981507209
0984049088
0988263627
0984430238
0988553072
0955091667
0983519167
0983162846
0908159944
0983475080
0988561982
0989231961
0982968662
0982893752
0989325719
0986005378
0986091226
0986686774
0089310809
0985298394
0983771707
0980644131
0984818547
0985565212
0988153866
0985627761
0986266051
0980443430
0982916775
0986090053
0983311467
0981958385
0986420302
0985739675
0985356395
0987337097
0988701928
0980956387
0988870668
0988752287
0988316321
0989079491
0988231664
0980016910
0382820882
0799893208
0983688885
0985436187
0987186417
0984882329
0989506173
0981060028
0988136239
0980711776
0886712006
0980411161
0983187148
0988510684
0983378287
0934626257
0987434445
0988639179
0981654250
0081999668
0986154818
0987302848
0983799378
0983876703
0988829789
0987248707
0984032768
0986730898
0983154194
0985230743
0980931961
0988294107
0989343247
0989471777
0987829683
0985658944
0986846353
0982608654
0984300273
0983897750
0989699854
0980018592
0985583494
0986742747
0585464795
0982657316
0983517232
0989978617
0988062331
0986330987
0982327304
0986815520
0989082015
0988539792
0987910195
0986737854
0987065286
0989896890
0982570933
0986217325
0784848929
0982167162
0985373814
0981847838
0988867396
0989235644
0987877556
0988024125
0987308924
0980285418
0984251934
0981718831
0988235409
0986770093
0988015131
0980743767
0989768236
0988164550
0982698595
0981281258
0980162769
0986511333
0988632315
0985476693
0989045760
0988881325
0986207236
0986435784
0989459226
0988805904
0988059014
0984048571
0987763967
0985812748
0987137108
0301127528
0988212152
0987052721
0980087868
0984830785
0989102826
0987884522
0988548220
0985466702
0988664317
0983139772
0906238105
0989947763
0986028728
0981242896
0987954248
0988712138
0989006307
0980828333
0988354292
0984784854
0980333114
0985986691
0988870018
0987529647
0984062583
0989171256
0989198307
0985888900
0983292780
0986768318
0981232489
0987727047
0983023263
0981146050
0983234962
0987287458
0986464546
0982426538
0982648349
0982615284
0987286977
0888839269
0989853622
0986900907
0988334923
0985994829
0982686970
0985995302
0985981548
0984123460
0984344183
0987895896
0984265375
0988812964
0984721561
0986084699
0988981574
0982031250
0985763939
0983824633
0986561174
0988703861
0981866474
0988306912
0985240454
0982199977
0387238118
0986597733
0986565822
0982364446
0984121075
0983566015
0787922071
0987531827
0984602562
0985130920
0983396967
0981471311
0985333576
0983903194
0982396688
0987530879
0989555819
0988514450
0987545450
0988726539
0988103747
0980115871
0986613573
0987765132
0986427719
0985841411
0985877000
0982320914
0980621420
0968944150
0987202895
0939422685
0982957222
0984841111
0984621111
0988547177
0987870540
0982845140
0980246321
0982896220
0989478097
0982052744
0983435170
0985652252
0982148431
0981223363
0986677018
0989006909
0983603443
0989518163
0985066096
0989729751
0983440280
0988716951
0995165689
0989469734
0988610564
0983271746
0987187356
0988224266
0983820208
0448586366
0981144149
0985936194
0986806694
0985043127
0982433103
0981233311
0985886361
0985665797
0987104113
0986528339
0988673490
0987844160
0984239089
0982472434
0987565449
0988810994
0985677631
0983582681
0985275523
0985962983
0980315148
0985909824
0989005641
0984116114
0989817851
0989109874
0988640949
0985720008
0982752268
0983799079
0988637073
0983848247
0982690290
0989095159
0945976137
0988258970
0985914619
0986674380
0988415290
0982606620
0982131303
0982897025
0982171435
0988598330
0987809242
0988727117
0995802850
0986484877
0981308108
0987434534
0985400880
0984572391
0779147812
0988332884
0981709145
0985412465
0988886015
0982071963
0983797955
0985520679
0983931528
0987474276
0989755706
0986513198
0986119454
0983340740
0988081707
0986368737
0987594294
0908644586
0986246994
0987242399
0981438012
0957720702
0989699414
0980743689
0988290031
0986781512
0987679630
0982699824
0987488850
0922658687
0911206905
0988374849
0987914421
0988619820
0989836071
0369547616
0984875900
0985130738
0988408686
0981003570
0988336445
0981745094
0988401027
0987893370
0918648339
0985548054
0987925230
0987798120
0983663488
0987402309
0984691572
0982962531
0981028895
0984303019
0987058563
0987528194
0980820252
0986490551
0682399229
0982628247
0987011366
0983882389
0989099779
0982081899
0985016858
0983874898
0987594605
0981462061
0985220465
0987635308
0989601759
0985150959
0986511959
0988550081
0922228489
0985068549
0977069509
0980990814
0184403002
0989516881
0983523888
0989088911
0986803530
0959363136
0983718205
0988852266
0981561602
0989121188
0982491470
0983480131
0989221761
0980708280
0985859720
0981101286
0988144595
0945731998
0984838613
0983455972
0984256796
0983737157
0983573426
0983516366
0988962454
0989841148
0984186825
0988245016
0983706993
0982797024
0943530935
0985036107
0989530813
0986362421
0936409392
0986527024
0984324739
0986568257
0985794629
0982322005
0988476613
0984275811
0985989399
0980250627
0986828326
0985068478
0982256333
0981142750
0988233740
0983543879
0980340401
0980853671
0985180766
0989160292
0989515451
0981530470
0988443661
0989429770
0982968280
0988927985
0984207161
0984594954
0985438334
0987734204
0984942698
0983182211
0983694751
0985612157
0988623898
0984479966
0983212750
0985254047
0988248883
0989947469
0981276695
0987764617
0984066293
0986148755
0980436104
0986432694
0982563130
0981360080
0981220278
0982358523
0982806232
0907771264
0982827706
0983653719
0987561934
0980753866
0989271918
0987956099
0985787815
0980670322
0985129412
0984849559
0985857176
0989733234
0983720256
0945453476
0988689253
0989886327
0985546644
0989239262
0987696653
0987273896
0185233490
0986874351
0981584759
0984280299
0983824441
0989341807
0980226540
0332112470
0983907631
0989503417
0985461002
0988872537
0987313579
0986025116
0989198711
0984796126
0986238499
0902555292
0983645194
0989641805
0987764635
0986314195
0904858819
0985113296
0989850460
0983818344
0354103442
0987529434
0986515162
0986010059
0988727584
0986412204
0987599455
0986021150
0985012138
0986934661
0988388717
0985523948
0984491099
0989946960
0987101762
0981782252
0987756555
0987256159
0982092139
0984959004
0928358076
0988240955
0981074259
0989040354
0984899014
0983483077
0987410579
0989766325
0908108101
0986232080
0989227844
0987465593
0983614703
0985191900
0981675131
0981738710
0981925353
0988276368
0906317131
0984782535
0980215736
0919907796
0981403215
0984934556
0985123870
0985799786
0983734993
0983111549
0569065512
0981095071
0985480249
0982386878
0985985746
0988543448
0986042110
0983622084
0778228090
0085843136
0983121205
0980858092
0988509367
0984871199
0984854115
0988779292
0982940070
0983598860
0983299175
0987788694
0983088003
0988666752
0984491808
0989879385
0983248619
0984813417
0982508499
0987199067
0981647968
0982882963
0985617482
0983288226
0982071689
0988094237
0983683317
0983798201
0981308236
0986075942
0988734023
0986378609
0984240249
0984739107
0987748003
0988100549
0982124954
0985740031
0989874833
0935849356
0987026929
0783979839
0987799817
0983081929
0989007586
0984167757
0986583003
0989001056
0964957873
0983065793
0982345505
0776824039
0981599721
0980601780
0986809646
0983036768
0981547391
0984897588
0989338519
0984436402
0983580039
0983099261
0984160157
0985046903
0989518893
0986199465
0983574846
0984030890
0981016557
0984553893
0985564450
0982938289
0986589638
0989848695
0982374065
0984050584
0585198029
0984645201
0984006966
0988570450
0984355556
0981652473
0988203426
0980367901
0981384230
0980588038
0984852182
0983871388
0989815583
0988690729
0987571826
0989616556
0988172110
0986992805
0982227142
0982671510
0983511931
0985128616
0988753586
0981300296
0934560221
0985074372
0981374311
0987732027
0986542988
0985074660
0989768682
0983205865
0982173702
0984419711
0982456146
0983498207
0985175993
0986736538
0981904645
0984568554
0980866125
0983142947
0988365455
0988839535
0980119399
0985818159
0986004431
0963791808
0989249409
0980093573
0985330598
0980214182
0388065904
0981627629
0986664492
0986969878
0989637034
0980533930
0986558904
0981780366
0980308569
0988152094
0988998593
0984197163
0988062123
0987234099
0981835036
0988819161
0988878508
0989822255
0985126632
0989631880
0987110465
0988790655
0580071065
0989733779
0980658487
0989747524
0280341945
0981508926
0987215222
0981993578
0989504870
0981474520
0986372107
0989122663
0987205997
0988164584
0685959831
0989108050
0985525486
0985523807
0586834289
0981242809
0983720322
0982011971
0980361576
0989285743
0985454138
0989675554
0985669965
0588153256
0980081645
0981884086
0986089550
0989723812
0988030864
0981034060
0983418633
0986497474
0988016554
0329626920
0980906656
0989180884
0988169251
0986058628
0888969678
0339432161
0985302735
0980916944
0982198252
0989998318
0865931302
0988412880
0981896114
0983662584
0981619689
0986093993
0986376165
0987303815
0984682860
0980045296
0985547721
0988881183
0986675337
0080267116
0989846933
0989624446
0981676903
0983583580
0779901999
0987442697
0987056282
0986726163
0902749325
0986721768
0982166329
0982911710
0983813111
0982595090
0985782520
0986239283
0985801388
0981257406
0984689671
0981961466
0985926814
0986523961
0987896470
0987162551
0346050542
0980908957
0987374386
0982246936
0988249829
0980863563
0987157090
0989455755
0985085974
0983877766
0981471966
0987024485
0987078926
0989807079
0989505523
0918408335
0988283815
0989779516
0981373709
0980958742
0989612295
0981599818
0987998806
0927106204
0948168619
0988524087
0985803593
0984373722
0987484282
0983829381
0983637766
0989613987
0989199068
0982526163
0988440445
0981594670
0980442932
0984481184
0989953134
0987806204
0981590239
0988029562
0980968323
0983457487
0981377924
0981262234
0986125343
0988462893
0989201448
0985869989
0989605377
0989007360
0983771754
0985584393
0981083266
0989737416
0986987613
0980662489
0984914459
0984510307
0989427167
0983936199
0987755005
0985679330
0988638706
0987501421
0984876851
0987985640
0986206050
0985131107
0988702480
0982649618
0984403642
0988231971
0989997613
0985983338
0989206753
0983823613
0981502124
0982436737
0902607905
0983726357
0988396290
0988766499
0987583111
0986783753
0987445547
0903806799
0985346119
0989733708
0984665665
0986652019
0989774207
0986685840
0980698380
0986240404
0984284202
0987606631
0980209370
0985386267
0981568628
0983100970
0981803032
0986959523
0982725336
0986160704
0983723800
0987240910
0985336693
0937222596
0986893131
0986658353
0983316861
0985204832
0986198012
0986245126
0985474329
0984972421
0983834588
0981904889
0989288738
0983691246
0984472078
0958851756
0985382330
0989601735
0988415480
0984770778
0987882291
0983434365
0986499655
0733310999
0988217327
0989148098
0983525673
0984644519
0989127198
0986297567
0976602922
0763022223
0981666377
0987228881
0987976218
0985639458
0981696499
0984389283
0983426803
0989117248
0926391966
0983962974
0985986016
0982741653
0888678921
0989834575
0982650942
0984254132
0987599371
0988021263
0988330245
0988854115
0986568686
0983944997
0985612443
0982667780
0981931414
0980803817
0986410987
0988984550
0986740993
0987814979
0983686544
0983748841
0982947949
0985009685
0984262776
0981394766
0980967143
0982645783
0989995940
0983954475
0988483212
0984612243
0982028639
0988937955
0986822062
0981283085
0986467370
0989219143
0983844781
0985078275
0986926473
0988664734
0989712898
0981432914
0989390926
0986122121
0983619817
0952001256
0983712952
0982729731
0984111122
0989200697
0981312932
0987096274
0980007710
0987708204
0987495283
0984248934
0980159831
0984772332
0986969312
0922654338
0987791306
0984781365
0986012336
0985336409
0989402855
0773214039
0987956106
0980591058
0285942698
0985891755
0986325885
0985594303
0986024094
0985932351
0980495151
0707962752
0983465276
0985329130
0986475428
0984190627
0986500791
0985764459
0985854535
0988969284
0987337493
0989742828
0989762081
0980933483
0986091408
0987780874
0393085283
0993996666
0983272800
0988925628
0989155629
0988702039
0985668304
0987008592
0980124448
0985481357
0986066209
0986180326
0987296990
0912157206
0980305420
0984387652
0988343414
0988276361
0983055130
0985991207
0980802181
0983669410
0989890293
0984050250
0984427368
0986637449
0986791397
0980579904
0981133465
0983618555
0986685427
0987062316
0986195165
0987759224
0989151805
0785277785
0982638209
0986009848
0982837129
0980896630
0984718964
0981188067
0980741023
0988964677
0987627921
0984518785
0981124772
0981036652
0986947960
0983973082
0981513498
0988831856
0988926992
0989301483
0981773772
0986206821
0980508129
0988998158
0980011122
0986850783
0988813467
0984869543
0986104333
0921161506
0981903261
0982094454
0984765300
0988505671
0980860865
0980234767
0985932145
0982392951
0923489178
0986384602
0991720533
0981186913
0988330131
0984005048
0982521512
0989508730
0985738436
0984318768
0344153551
0984803710
0981015964
0986809942
0980801783
0987556898
0988515539
0987029573
0983035687
0986333793
0984668730
0987789154
0988759966
0988435963
0983550598
0986826513
0986537466
0985396485
0988547271
0982357518
0986235615
0180234987
0983689915
0988013066
0985897465
0985406084
0987059008
0981318598
0983488238
0989128869
0981954452
0984635485
0984862250
0986987799
0986211309
0985235385
0987544332
0988470335
0988179402
0985642090
0981530038
0985122419
0987655799
0981938891
0989019894
0987812538
0980577178
0989296130
0984487523
0981094928
0981096631
0988422648
0988108229
0988668929
0985113516
0988636699
0980599227
0987430218
0982476466
0983371532
0989337268
0988303923
0986678222
0989445008
0987602258
0988780115
0988742366
0984973568
0986541604
0984460212
0981897663
0984183474
0989461803
0981545237
0984229434
0983699827
0988606526
0980652907
0981558212
0987119391
0981680788
0981490851
0988966995
0985996931
0984014416
0986702641
0983715841
0983876194
0980308756
0987253979
0986633116
0981598926
0986721452
0983267792
0981432355
0984280608
0902323621
0985709322
0984590938
0981622256
0981116732
0981993571
0981419152
0987512270
0988105877
0985747619
0986642275
0981461048
0984188034
0986302761
0988460366
0986167612
0485349612
0988521414
0985560045
0984601911
0984651704
0981995971
0989040568
0985511071
0968367075
0985099761
0986697402
0988112094
0983092234
0988362035
0980076703
0989924327
0983160079
0984771970
0984238781
0988847922
0984292944
0989782839
0982199006
0984814947
0990946483
0982248015
0980468451
0983972985
0985692266
0986281104
0981000832
0986785818
0988859333
0986116571
0984631398
0980697979
0985548242
0989951029
0986236362
0986106901
0986534452
0989286156
0988849936
0987893662
0983918100
0985612272
0286126382
0987299072
0985396685
0989707295
0986113882
0989371062
0988591290
0981385837
0989909208
0386628589
0987444718
0984304582
0981182524
0982856126
0988615553
0985213806
0988645604
0982681590
0984784724
0356146255
0989039691
0980339666
0980093038
0983551331
0983618797
0986683170
0986519737
0798374726
0984372202
0987823297
0909931520
0982798396
0987322704
0981512985
0936110724
0980575551
0982400576
0984149902
0083388579
0982987956
0980168267
0982510727
0989098368
0982192959
0985143434
0988961888
0986943721
0989707897
0987234262
0703021099
0980071195
0986016150
0988169487
0983125482
0984643194
0984930398
0987202164
0986206544
0982984190
0983411851
0980044742
0981832961
0983410072
0988354256
0981509363
0980710994
0983817979
0984839649
0983783405
0988758746
0986600795
0987665201
0883069697
0984004217
0980539267
0983413053
0986468979
0983669029
0981159547
0987646541
0988382870
0989175595
0988350048
0985649739
0988131292
0985749084
0986933430
0989884693
0985751385
0989430542
0985528687
0985604711
0986094353
0985190572
0387647100
0980750032
0989616164
0983047513
0983033939
0985430521
0986393922
0989067050
0987913113
0986667574
0987806322
0981753861
0982146858
0983203632
0986140794
0987627381
0987156300
0981562858
0983522000
0987085942
0782488223
0984667214
0987985333
0981491827
0986666997
0983265907
0982661315
0902710110
0982197372
0981261178
0988693023
0988128231
0987900363
0988062317
0981416506
0959398782
0983116202
0987132354
0984623285
0985526193
0885614518
0985044616
0988234032
0984015395
0985275241
0986236351
0986312130
0988859896
0986928059
0984881011
0983786727
0984623567
0981371665
0987294210
0980826489
0985070625
0985101277
0980225438
0985616399
0965394777
0985971459
0987923720
0987460151
0982682060
0984756208
0981690101
0984402183
0985557949
0988939214
0983918506
0989037531
0987275352
0987182047
0982067283
0987946708
0985356263
0917554767
0987599665
0989308725
0980409711
0983809251
0982466385
0987520298
0989149027
0987981963
0985736317
0973091193
0986598291
0983645208
0981054872
0898110208
0985827907
0981459913
0989344618
0983700638
0986735367
0987949876
0983533088
0984587015
0884322175
0987359464
0985732916
0985838152
0982748871
0981708314
0988428967
0983436331
0928219426
0988221387
0986419182
0980696298
0981641117
0986006711
0981396383
0983058442
0986554064
0985164307
0986190992
0989392525
0985674558
0982304049
0988789019
0982187121
0982704561
0980829377
0988919074
0985663326
0987632201
0887344218
0986204394
0984569460
0980552723
0814276757
0988023895
0981574515
0983963695
0984932190
0984578456
0984080207
0988774099
0387003642
0988152950
0982195524
0983776006
0985558778
0980324239
0981132661
0988934820
0987192592
0988648955
0797179005
0986044328
0988934829
0989476166
0982349524
0987448165
0986929840
0987239871
0986950258
0981859696
0988294747
0988215292
0976718116
0986164339
0985213285
0983258901
0889376446
0982049784
0984678810
0982524049
0989726486
0984063916
0984856691
0980669310
0987185993
0984631187
0286064923
0980741276
0985072879
0902158530
0997739205
0988122292
0984593316
0934887445
0987938234
0934591294
0982415886
0983216324
0988180704
0981890794
0981140095
0986836268
0986100313
0987622440
0985579680
0986485405
0908938883
0985873840
0083620824
0980691856
0981094019
0985891663
0985880423
0981345493
0989660387
0981133143
0985257250
0386117142
0987537617
0989259884
0982457350
0988844158
0985491349
0989918920
0989476731
0984984162
0986691815
0984796554
0988770287
0989050511
0987294915
0926729523
0985681874
0987787763
0980979164
0985611349
0989151192
0988911770
0982993750
0982241950
0981202741
0984576289
0988401402
0988246417
0937609251
0988360854
0988400661
0980491220
0986912130
0983604257
0982889167
0986290431
0987839753
0987349049
0982713613
0982904737
0983271303
0983659144
0988686333
0926396534
0884966863
0980370766
0983286830
0989950246
0985765130
0985559060
0989568516
0982192549
0986529116
0985804168
0982840882
0984590131
0988574255
0288200011
0998442820
0989319057
0980722923
0987838656
0985275580
0989412300
0989399198
0908909111
0984787211
0988067576
0986987613
0981878301
0964793826
0986722321
0985794190
0985999258
0882494529
0988034814
0985427244
0986269542
0988514971
0988622522
0981489087
0983453976
0985036748
0985324994
0984780507
0988376350
0688331943
0981716441
0987155892
0982069374
0980098157
0986345308
0980690389
0988431654
0984036071
0987641722
0983907110
0987360441
0933224973
0985401601
0985089397
0989709493
0983297808
0982003628
0980467022
0985047731
0983158398
0986482728
0983482388
0985921789
0985454961
0988413548
0982137168
0985637885
0982923282
0985464400
0981723372
0957601606
0986696448
0981952952
0985054487
0986367772
0982448308
0986932288
0986052197
0981792230
0982433245
0984555132
0988339987
0983556146
0983527071
0985850974
0985500951
0989559573
0981855340
0989054436
0188120775
0981957426
0988138398
0987428779
0984070608
0986706541
0986359962
0983912481
0986831737
0981950692
0989656289
0987464707
0986444232
0985705444
0985462512
0989540783
0988907293
0087783906
0989228423
0987863477
0985028717
0982449918
0987714286
0980775214
0986660902
0984225973
0901334884
0887579084
0983708726
0989557575
0983688601
0987408717
0989816333
0980168072
0989807520
0986261739
0988644175
0833332574
0989836652
0985864894
0987483707
0980769445
0985857685
0981534477
0984056488
0985757563
0984966017
0983920079
0980887804
0581010441
0984344383
0989474562
0988961318
0983143744
0987508932
0480609302
0988117988
0985947144
0384183911
0987994438
0983114973
0985610477
0984154699
0982212179
0985533285
0985591495
0281189342
0986548591
0988468207
0983793555
0982962148
0984555836
0939640888
0984225443
0987033955
0984889883
0980499125
0562853479
0980980339
0988250876
0344426687
0986605147
0984373787
0921585981
0984837603
0983851775
0983757816
0984974125
0984900909
0988826892
0980558218
0989134965
0936971440
0989011998
0987629971
0989647369
0980745519
0985287872
0987507696
0585682931
0988332805
0989223072
0984841731
0982988226
0983653466
0983266517
0988899121
0987415889
0985115707
0905429802
0985686825
0985889491
0984039319
0982822558
0988112392
0980534983
0968430435
0985547865
0971588473
0982132040
0983231545
0988971154
0984998353
0988333821
0979973819
0980747586
0986310903
0963625614
0981415571
0986776399
0983538813
0488235884
0989329241
0985180349
0086848141
0986117154
0985905844
0987147017
0987834213
0987248452
0984428352
0926395794
0988416262
0982539883
0983664049
0982346658
0987352189
0988006387
0981697692
0980673414
0983325933
0988678547
0989773951
0944076135
0985776236
0981355618
0983661987
0983714296
0939505152
0982093446
0981855432
0989851581
0986648200
0989173152
0989396085
0981589917
0986756287
0988972460
0983831916
0986457595
0988925654
0986249221
0987160885
0983428696
0988598033
0983220473
0987137493
0988501560
0982431315
0984914422
0995522464
0984649219
0981683190
0986965677
0986369285
0987714250
0987333915
0984190473
0983637070
0984057408
0986690931
0986342112
0980221213
0989062969
0985894939
0988597703
0986297424
0986922800
0988179932
0989083179
0981118810
0986372444
0982399557
0982854409
0985089395
0989680238
0982013088
0982006572
0987786152
0989792307
0985554555
0983361829
0982728510
0985376077
0983367039
0987176022
0983731026
0984066318
0986303899
0985836336
0981461709
0984910921
0986193204
0988476594
0084705038
0987760040
0987652561
0980878316
0985502067
0987883122
0984620356
0989080638
0984800560
0980123770
0986562770
0983810317
0988149749
0981393515
0989754923
0783069596
0989543447
0989927608
0988419324
0983717701
0983461377
0985217749
0986849809
0987205718
0987225072
0986081996
0989347972
0980706444
0986774839
0984607964
0985912851
0986173212
0985540856
0985276093
0986054757
0983635770
0980350696
0983735905
0984938888
0981169975
0987723109
0987753810
0987350513
0982441901
0986154617
0489724351
0981249299
0985289863
0980575274
0985724197
0986604395
0989071862
0982956631
0986702948
0981741879
0988900273
0984646033
0988988929
0988694533
0983467701
0984891143
0981033283
0982999414
0916423734
0986114287
0981053626
0988181693
0984619908
0984897374
0985357527
0982490676
0985840508
0979338884
0986372296
0985134998
0986853636
0986942301
0986785617
0988701426
0587795584
0987623427
0984944608
0988650025
0986211664
0988333820
0983787365
0986100927
0928906792
0989427007
0981666417
0481023035
0986532164
0989821541
0982455993
0985338490
0982355226
0988596326
0985753112
0983530725
0989891996
0916924070
0983688246
0987351971
0981363129
0981437656
0986972248
0987684771
0982300088
0685302490
0989118160
0984479294
0989636366
0987775842
0981593162
0907533885
0987670610
0982047929
0789306737
0984176113
0982846983
0988960995
0985618897
0984970650
0988556534
0988129472
0986080142
0987168594
0985493617
0984931398
0986716560
0946273922
0984242186
0986667323
0987742331
0989319815
0987653622
0986718496
0986795941
0987788505
0983588334
0987903125
0988734781
0988163801
0986801837
0985225513
0364281588
0985361583
0984822249
0980270750
0982301039
0983727386
0982542660
0987328826
0963768411
0991245016
0987854480
0982194200
0984674055
0988021160
0987869354
0984832625
0987095993
0984733141
0986441033
0989957223
0984387140
0989479264
0981452001
0982103464
0984975603
0986748402
0960893823
0987184087
0986579333
0941467141
0987399061
0989896942
0989008213
0987066766
0946323384
0984371232
0986511610
0984628057
0985374800
0986530477
0989559357
0987470432
0988491917
0980327513
0985016601
0982095771
0989953407
0980072230
0989129863
0989216832
0981225744
0983721102
0988249936
0981435822
0986325587
0987736421
0987369401
0984720267
0984238094
0982913559
0987583281
0988630495
0982730708
0985254707
0984182423
0988773997
0987057612
0985948449
0980773559
0985398650
0988301363
0980765167
0985146310
0987872112
0984918989
0985544512
0984028710
0989785019
0986928907
0988599891
0988153889
0981214590
0999976985
0983268481
0985161307
0985493537
0984062244
0988816468
0989685020
0981256960
0981940239
0986133537
0989961676
0969472139
0986961361
0981418692
0984336273
0986360211
0988454291
0988377014
0981699448
0982226885
0988789983
0982356792
0987052136
0983841112
0985974030
0985313219
0986474472
0984743626
0987578177
0983097486
0986581124
0986068912
0987248056
0985630488
0989379220
0986714976
0980035042
0988772320
0985840612
0988613982
0989690186
0980285208
0984038799
0987838464
0885852129
0988372706
0988111299
0988885020
0182209144
0980252505
0986833777
0984559091
0984824442
0987610389
0986503241
0983409775
0987109127
0984132590
0989502641
0982304455
0981901012
0989084572
0987512175
0369673547
0988001569
0984629209
0988746907
0988149595
0985778146
0981088221
0985484299
0989064288
0983784335
0908587603
0987027597
0981287096
0984727417
0985577546
0983611977
0987008371
0980545613
0988710694
0983119173
0986404378
0980141544
0982316245
0988311572
0986110297
0980921315
0986152164
0988908938
0986994529
0987943948
0989070400
0987208504
0988237311
0989771124
0983589215
0986525323
0988814811
0986425038
0987875416
0385893574
0981177454
0984143687
0988887890
0989540968
0981435491
0985049239
0713774136
0989189531
0983709851
0982859372
0987307907
0989113528
0986419408
0986537101
0988688741
0989575648
0987202601
0903107428
0983943137
0987987294
0986415568
0378207042
0980787419
0986432151
0989533461
0987087317
0989449756
0985066533
0988008977
0980792189
0988940964
0982046286
0988436733
0986093898
0987025007
0987644997
0983634695
0986280643
0985835376
0983370798
0988718599
0983614153
0980877153
0980878103
0980202688
0981548601
0987597840
0988791594
0984007351
0977889222
0985451766
0988546490
0985473569
0985515390
0986617495
0985154989
0987557539
0986797185
0988522371
0987278293
0984581405
0988962030
0985669035
0987534517
0980953869
0989048370
0984185345
0982206429
0981765033
0984793620
0987396543
0981873046
0985289558
0980494815
0982239780
0984991984
0984499796
0988149432
0487856384
0980506117
0931345089
0989733213
0987915594
0981678621
0988332540
0989796260
0985245693
0980887870
0983016409
0981440498
0982602443
0989331634
0983899473
0983961686
0982664983
0987847972
0983022025
0984034176
0983821950
0987305493
0776137336
0981502222
0989656885
0984416330
0988597536
0988716437
0985187716
0989875318
0986966738
0980442983
0993235555
0986026245
0988400067
0989720381
0982049202
0983117615
0884882811
0984960733
0980240003
0985346463
0986965022
0934963225
0986457019
0983486440
0981150117
0933980366
0986759266
0986643812
0886547814
0987598004
0983197717
0985464714
0984749440
0988326302
0980621984
0981503159
0982211961
0986080880
0987698606
0984516398
0983228851
0988811801
0989586602
0981267553
0984329658
0961387404
0982562351
0982471098
0985329328
0984487640
0949811926
0982724914
0985848500
0980564708
0987949263
0987421013
0987563239
0987521495
0986793094
0983092941
0980279347
0981210475
0987865967
0986271142
0989234353
0983533224
0981872340
0986626093
0985277660
0989493871
0986239425
0986980670
0503021804
0984179892
0989293367
0981518262
0982456877
0984392147
0987296413
0984211091
0984711872
0984693335
0986879312
0986603665
0566715636
0289122316
0985594696
0983580086
0982380526
0989095197
0980904703
0989153589
0984386180
0902866796
0987529163
0980234718
0987952832
0961364143
0980049618
0988749110
0985490489
0989018792
0982878071
0981949409
0984411985
0986687732
0986507813
0988371018
0988282005
0989341530
0988702424
0986208584
0986678628
0985230846
0985163517
0983986828
0986026727
0981087307
0983558559
0763112721
0988582982
0983297186
0987908812
0983472993
0986054043
0989709434
0689434092
0988877099
0988318427
0984044716
0886546281
0084208876
0981871863
0981352011
0987347366
0986945099
0767066381
0988698698
0938664702
0987380658
0985124276
0987889937
0985168353
0903381182
0987805668
0984323102
0984773125
0989560172
0987355232
0480251858
0989882224
0988601171
0982382959
0988735463
0987389841
0982955307
0980911487
0963898323
0986304807
0916234397
0986076687
0988282527
0981962248
0981550469
0986735349
0986054422
0988718998
0986304971
0986681983
0982542488
0989906939
0980306313
0982299011
0984661065
0983259256
0988234619
0987830304
0986555172
0983172502
0986214605
0705613218
0983893851
0985249952
0948684734
0984656844
0989147428
0916901086
0984901939
0985507613
0982335225
0981457840
0982359159
0924989005
0985878961
0981388913
0986865052
0980202875
0980960085
0988675297
0986638490
0982218380
0989662274
0987470599
0981164069
0985540072
0985682616
0985342655
0789193209
0988081875
0981832302
0997531036
0985272862
0984366657
0985533072
0989470911
0982126145
0987606377
0984615875
0989932177
0987136690
0985141954
0984206098
0988559397
0982531783
0988653691
0987761653
0982278421
0983636722
0980975882
0484711112
0920766441
0984853697
0980724594
0986492668
0980436359
0983847702
0981930896
0988377417
0986709790
0986372836
0981371359
0982349842
0982241769
0983134548
0985475161
0985280546
0981637934
0933988764
0985797358
0988637723
0989635365
0896666160
0982762549
0984131338
0987874402
0984340577
0988509921
0989765163
0987778982
0982543169
0988868616
0983105695
0986695315
0982207428
0981466234
0987473050
0980727239
0985191652
0981578559
0989746057
0986763794
0819900507
0984056703
0988167925
0986966927
0984196192
0989850505
0984393754
0986494029
0935472296
0986433467
0989142341
0981246913
0982570710
0982200292
0986439307
0982419964
0987199404
0989198501
0984656333
0983979501
0565909235
0988377983
0981731999
0982896832
0988304180
0986913616
0987220996
0985479373
0983833327
0985958991
0985120788
0986782021
0987177030
0988673528
0985192293
0987446479
0983374038
0984115521
0986338572
0985145369
0983909989
0986671834
0989855209
0986531208
0985279050
0981985476
0989119088
0982647307
0983804596
0982024142
0983945159
0984240057
0986679256
0982751753
0987195509
0988958514
0987453208
0985831029
0981728381
0987956680
0985667025
0983092701
0981057515
0988118963
0986668875
0985001813
0985764604
0988748338
0989187637
0986442797
0987730371
0987962337
0989028011
0987217781
0985590099
0982016735
0985079642
0989944884
0989234031
0983759834
0984686784
0985031809
0985305159
0986286376
0981098461
0983475432
0982326374
0922654331
0981903122
0980755883
0986698076
0984888101
0987724593
0984491502
0989727587
0986553246
0987575986
0984458317
0983305702
0984910444
0984899454
0987164434
0987463012
0985093995
0985839696
0988253191
0988603183
0989011620
0981104546
0909389544
0982290987
0980714152
0989768269
0983729824
0988813481
0984185290
0987556396
0985546850
0984482566
0985903867
0980286764
0981970437
0984211884
0988493954
0987401509
0985507722
0989860542
0981636995
0981990520
0984736773
0985770543
0989641069
0987366518
0980064762
0980370547
0944131616
0989028772
0982357507
0980943538
0908812414
0986331984
0945516122
0986731128
0985732076
0986361095
0989435961
0989219377
0989736572
0988664694
0987955649
0986093096
0984351616
0986036415
0945905996
0981296495
0734936018
0986492057
0987094648
0983926453
0982007877
0980083619
0986503371
0982383273
0984743000
0984814867
0981153981
0984992836
0985603172
0981199932
0987370310
0989990750
0989649712
0989574543
0982687256
0980725679
0986927628
0988440944
0988031130
0981073985
0985123670
0988725698
0986643841
0982040606
0918381451
0987273780
0988215554
0986364165
0988970864
0981244684
0987994967
0986271789
0989361174
0985734885
0813786236
0985050436
0372486154
0965985683
0988714779
0983741366
0984608843
0989548463
0988244026
0980328026
0986370240
0981759085
0986327408
0909175786
0980193148
0988987557
0985873071
0989582206
0985381709
0980788398
0989598957
0986614908
0985132834
0981643587
0980119366
0982478158
0984796773
0984859105
0982211225
0981356251
0989488954
0985645827
0987277170
0988548680
0986037815
0936314560
0988186676
0980986340
0988162250
0983670001
0989298445
0980508079
0985767198
0983368371
0984203182
0984107819
0982564234
0986555847
0989591647
0987530424
0982454685
0986755624
0983457160
0989300234
0981590130
0971717054
0989121371
0988819472
0980413716
0988845230
0982937408
0984914739
0980338322
0982329078
0998059887
0987804888
0914860848
0981961920
0988921787
0989319586
0906976683
0482290474
0983297275
0985201643
0982277492
0984053812
0981504725
0335539662
0982692111
0900176294
0985519074
0982983725
0985749322
0986773066
0988856570
0989177336
0986804735
0988498851
0982496003
0987782852
0985594059
0987429408
0982777105
0982927931
0987017718
0980177509
0935708034
0988959710
0986733912
0786167490
0988101981
0984944072
0982375534
0564282768
0984985700
0983341667
0988756830
0982476299
0981756160
0985852138
0988964908
0986846049
0933018330
0980185983
0986111302
0985554713
0985816802
0986326981
0984251584
0980160422
0984567915
0983801140
0984216002
0987687671
0989550013
0986152348
0980314503
0982655107
0918464422
0982042175
0987583052
0986257965
0986818626
0989025937
0989056324
0987382205
0988639966
0984214497
0986011012
0984317373
0581943872
0986004731
0989118695
0988837991
0986882884
0986982748
0988946676
0949197526
0985687839
0983511475
0980143783
0980811302
0080266148
0980517161
0987149150
0983881670
0980007659
0981873480
0984306526
0980591929
0981425150
0988988160
0986556801
0986776156
0985596227
0989186356
0980968595
0989036530
0986571832
0980766415
0989651862
0985447140
0982476237
0941591313
0986971305
0988161450
0981616117
0988524672
0938440345
0988841080
0986425817
0982371838
0983247991
0484905778
0980997384
0982161052
0982639733
0982452922
0984716164
0989854939
0980178103
0989077974
0988669874
0985144890
0988432785
0982233770
0985934477
0185813891
0988451313
0989853416
0987486258
0981279873
0988332183
0984386974
0913803550
0982179366
0982838193
0944836043
0982882830
0987149730
0981866762
0980644435
0385394936
0907537197
0983198684
0984300425
0702746381
0989133177
0986049646
0987557827
0980013224
0980893928
0981213538
0988085524
0986708321
0983388607
0984089858
0983350138
0988260166
0984867536
0986626678
0980416439
0683059089
0982231958
0987410765
0989482888
0987773285
0984104966
0983329293
0987728831
0989421473
0984518037
0982459288
0986458223
0989592637
0986499263
0922676693
0988050496
0982380674
0984344869
0984424761
0784077507
0986709046
0981479931
0984990451
0989420248
0988978668
0989876926
0982907519
0983902063
0982550633
0984430611
0986342043
0987696275
0987843953
0984211148
0985109454
0982703561
0985025823
0985865407
0981730484
0984135261
0982898364
0983703204
0369643138
0981959178
0988823393
0988597141
0982561378
0987691372
0988159867
0985239633
0987001856
0982972451
0909107794
0985829110
0989231181
0985467303
0988117493
0989385813
0989880484
0981170944
0984661573
0998573845
0903678163
0988193472
0982934061
0981136887
0985996613
0983524568
0981030931
0980102389
0984414753
0988293590
0985942264
0987672614
0975566922
0983541020
0982834907
0981034014
0988141810
0984449637
0980870312
0987556792
0988447465
0988987296
0983246468
0988852057
0981707262
0981824669
0982980394
0983208430
0982179786
0983561328
0986185715
0982939051
0989957975
0988337119
0989251123
0980669686
0981207327
0989433364
0989245012
0986752152
0989774283
0688271808
0984401128
0986392341
0984424131
0981152083
0988543591
0903857276
0987553492
0983613685
0987642717
0981155240
0984709816
0988554110
0931999184
0980407556
0989463360
0989916484
0987430352
0981223461
0983761040
0908668669
0980764259
0982257822
0980263804
0989364500
0980250495
0981367056
0988039133
0983926516
0987021560
0984804762
0982368002
0986701046
0986319263
0989313344
0788979086
0982408636
0984606620
0939026705
0986198885
0983690106
0989100173
0933678192
0980533035
0987880885
0989670563
0985348260
0989171648
0986601912
0987608279
0987745771
0987475389
0987850122
0989922244
0988768913
0986736889
0987473508
0982935196
0987969534
0988610246
0984773294
0989934857
0609632166
0983410598
0685434130
0987799061
0587768104
0982119295
0980272334
0985065419
0983639860
0980594168
0987804124
0987304057
0996131636
0980294746
0986814362
0987667314
0982789602
0987150461
0982435887
0989281042
0982474114
0986388829
0983334593
0989761282
0980850588
0984835553
0986102659
0984846853
0983904108
0987577852
0984078797
0981878568
0981490585
0985446274
0985352597
0985544186
0909053484
0988584098
0981722443
0982418771
0989654981
0984695050
0987851618
0287959672
0903554652
0984984436
0980734785
0988359039
0981200900
0958559866
0988110608
0980872806
0986686328
0980531633
0980746441
0938106860
0987332998
0989138889
0988285292
0984184391
0986223308
0989382840
0980093479
0983751131
0985806091
0980855451
0981140323
0989111711
0983584614
0982233792
0986013952
0984537214
0989408037
0988017211
0983909432
0523973890
0984732213
0981797133
0984452498
0988957632
0981781135
0980697005
0980940155
0980497885
0989887726
0983115817
0988077645
0987822356
0986298130
0980028730
0949839315
0981314197
0987685030
0932029544
0985713022
0986629581
0931789677
0986983911
0888357509
0982837113
0983674222
0985160521
0985694698
0985329162
0983834848
0980528954
0983072255
0988829906
0986611438
0989663242
0965982200
0982974354
0988279695
0985978578
0989033761
0988682304
0984984217
0983824212
0983608529
0980589047
0988635213
0983702545
0984639736
0187364255
0988077943
0989960311
0984008319
0982877310
0981724076
0988950227
0981070952
0982229384
0982526043
0987476576
0986400660
0987085688
0986548376
0984332378
0986151697
0982033469
0984200819
0932428190
0988364651
0983913472
0982419096
0917765210
0989884841
0988027995
0985341088
0985993296
0984440327
0984860442
0569945461
0988575277
0989819675
0985635149
0985514517
0984086919
0988044140
0986669081
0983337103
0982932884
0987359897
0986120040
0984859270
0985833106
0986745737
0984706452
0986824556
0985504341
0987159894
0987381435
0984888051
0985677067
0984914215
0988441182
0982438614
0984715799
0984997563
0986292205
0987021873
0983803031
0987586078
0889544731
0982438323
0987756833
0985380254
0983498606
0984240442
0987335368
0984306981
0972449949
0988051990
0982081682
0984738833
0986271882
0988249555
0984632493
0988994333
0989236050
0988289588
0986640919
0989190450
0982016368
0985005885
0980924885
0983533572
0983450522
0981172638
0981225736
0985936113
0982146547
0988695128
0982098444
0989952091
0982744838
0978882009
0980163800
0989780865
0986421407
0883777873
0983734680
0986144751
0987918003
0983719689
0984397476
0983653032
0984272222
0989512497
0986920435
0983197552
0988037949
0986448860
0988897810
0986564805
0981595341
0986477119
0986700855
0981495796
0982912024
0989123230
0988781888
0983593931
0985290952
0983978164
0986975911
0988271631
0980130116
0988777794
0985552181
0984490522
0987274640
0982286781
0984980187
0980084962
0983202578
0983665413
0982187930
0984594021
0986319680
0986025477
0985763430
0981843264
0985634907
0983602870
0981194525
0987560700
0986736619
0986963928
0983616178
0982345322
0981416558
0989512008
0984580960
0987103595
0989857365
0989288833
0985837793
0986545257
0987876548
0986926938
0989191345
0986573021
0985385465
0988323782
0989389513
0986503773
0988604984
0989854177
0981706266
0984694157
0980543646
0980535868
0980203008
0984310203
0984970807
0986815333
0985452022
0985030402
0988028076
0985023330
0985077883
0982470945
0980489635
0281585831
0988349996
0987739004
0988035281
0987917376
0981539653
0986001114
0989036079
0980745007
0989131461
