0980318388
0987642717
0981380064
0982109437
0985784300
0987870330
0980600555
0985001880
0982472111
0988711189
0984331176
0984374758
0984179032
0984950562
0787908923
0982056479
0783265478
0988943518
0983703522
0987328465
0984840257
0980682839
0985246911
0987131125
0980363629
0982763637
0988171534
0984591876
0985086449
0982210689
0985433334
0798214075
0986682248
0981063135
0988917752
0989864508
0987798698
0986727793
0986867923
0988275180
0987550114
0983171072
0981802226
0984562857
0989367549
0982481582
0987453930
0984338143
0981017536
0902572369
0987058833
0983432806
0986461555
0986520513
0984940159
0981358856
0980234213
0901469773
0987254352
0989772757
0984771054
0987453178
0985791031
0986221542
0939736409
0981629902
0988636133
0983436185
0982147256
0912658684
0903677738
0981453190
0987889432
0980711971
0985669416
0982520975
0985690374
0938650494
0983498672
0987874699
0989679244
0983843136
0981196005
0980432846
0987795265
0987903688
0985211165
0987321001
0982365389
0987883229
0987252529
0981731708
0980896704
0989642511
0988170220
0987619609
0989650597
0986140360
0986147834
0985308428
0984580644
0982891852
0981205909
0985704871
0987407600
0984013196
0985719558
0986856673
0989830443
0987988240
0984941081
0985476841
0983100394
0989847365
0980568627
0986400993
0980061066
0983231144
0984993610
0983273903
0989763435
0983914367
0988974907
0984299481
0982459543
0984910088
0987574685
0982082445
0983290315
0985803763
0986411392
0987431913
0688644388
0484712984
0981054136
0983736933
0985874729
0089004831
0987589537
0984659087
0987636745
0981835506
0982843916
0988072818
0989288711
0988667483
0986963987
0985045980
0980892212
0987386527
0984136161
0984800524
0981545599
0984503604
0983373289
0980599979
0980593259
0903940289
0983561492
0986312176
0984414103
0987688095
0983649817
0985170773
0989073764
0988767705
0986013819
0987323916
0985107009
0988122546
0986813276
0980753922
0686452571
0982087725
0980453826
0981257220
0985612620
0983823925
0981154876
0988194575
0983681343
0985529723
0988243888
0984112393
0986830282
0984218821
0988446924
0980268713
0989687051
0986238477
0980051352
0984615201
0988606756
0981427961
0986520193
0986009566
0983450145
0980970132
0983854862
0981511979
0983143490
0088798917
0984134199
0983831891
0988913919
0987772263
0985079726
0984159951
0987274535
0987603602
0982620237
0989526423
0987225124
0980352584
0985612322
0980719365
0705111178
0985954881
0986372094
0983385340
0783149907
0989133850
0984761134
0988670846
0986683170
0978891155
0984670974
0984181615
0989729395
0989013615
0982252093
0987075782
0983227590
0986425822
0987534424
0984697131
0989193831
0985845294
0988944159
0985367538
0986367976
0981052308
0987647563
0984737623
0981518388
0988145351
0988092426
0987535691
0984303510
0984464736
0189718333
0983378712
0984061428
0384625274
0981060819
0980689506
0958520382
0989753322
0989007929
0794708964
0987601978
0988497216
0987952251
0983006653
0985450023
0983783792
0989743607
0989820265
0985531380
0982651161
0933778550
0983259895
0986775279
0981074259
0985173887
0983469195
0989460722
0984293873
0983565923
0983385307
0989717205
0987420353
0987960285
0984600222
0376076069
0980104183
0983477702
0988788434
0987877556
0980213854
0989345212
0909043049
0982886113
0983569848
0988772907
0989143044
0980886925
0982149203
0981906448
0934255563
0978159916
0982581843
0983807911
0984874335
0984901134
0992441679
0984627009
0988657420
0980494109
0981539412
0986779377
0985473984
0983539861
0989700783
0982157013
0982096331
0981564883
0983115722
0988455120
0981035799
0987597840
0988601680
0981515995
0980278770
0988148042
0985262983
0984105288
0986176975
0982127085
0984091911
0987375404
0984675453
0981313278
0982778987
0985106978
0982067814
0988525472
0980480023
0987700817
0985291753
0982685054
0982501660
0987870943
0988019399
0987307451
0987514944
0987421054
0984293672
0988716343
0987496401
0980895855
0986909551
0985988945
0986246203
0984536909
0985682902
0987019711
0983216633
0986453720
0981501835
0989301895
0882585994
0986700855
0987090455
0988447969
0980978213
0982667014
0988374849
0985536496
0988061819
0985364590
0985836802
0989711956
0986258444
0984854068
0986525541
0982958999
0989362234
0988737887
0985750853
0986179668
0988022021
0988339728
0987257021
0986500195
0989432899
0983329083
0980711802
0982336198
0987317486
0986451483
0983321023
0981363056
0989464887
0986886927
0987114300
0983956307
0989147020
0987858362
0983232388
0966545178
0986600773
0337374430
0983205698
0987924164
0980397706
0989511854
0980842835
0983204275
0984795844
0983889806
0983776264
0987081096
0985391011
0984615361
0987962898
0989820157
0981971487
0983410340
0988244546
0983481330
0995656000
0981451350
0980234647
0989486730
0984287492
0984899014
0984091442
0981732438
0985388334
0986852495
0946030668
0989121059
0987819555
0984516284
0983472722
0986758007
0989971835
0982900196
0913961447
0917732421
0985149981
0984938554
0988450688
0989561845
0980071686
0980602913
0988929634
0988736912
0985963517
0987648053
0987833894
0988449878
0981927717
0989878891
0981715917
0980025570
0987466737
0938057710
0902703289
0985389162
0984417737
0909785013
0988684734
0813554651
0981757869
0988848298
0982924614
0985405810
0985642016
0487551870
0781257614
0986772697
0902734889
0982672437
0983500435
0980138407
0186718829
0988753106
0989139129
0988058668
0986148329
0982538927
0989262979
0986072303
0981977950
0980239498
0982557077
0983942532
0989433403
0989931589
0989906734
0934148609
0987564323
0989562286
0989519956
0988164961
0989128015
0938468256
0982061308
0988408091
0983518340
0980741023
0982204297
0983656578
0988416571
0983120938
0987761819
0986919533
0984315292
0983647177
0981556928
0986122492
0488999946
0986488667
0980309253
0989638699
0985948675
0987058891
0982006213
0985955215
0985456179
0989098357
0987158824
0982525545
0984340044
0985795268
0981821146
0780541639
0989629018
0985806313
0983442203
0902297537
0982307242
0989789713
0987290125
0985197056
0983402131
0983145467
0983998714
0983409806
0962857221
0983809110
0982186251
0913977357
0983562472
0981612036
0989581653
0986312543
0984931333
0980805820
0389833281
0988258153
0986685421
0982627079
0787461426
0909037990
0959846549
0989178095
0989381398
0986267863
0986570715
0983395689
0983311174
0981247909
0981797295
0981473996
0969687104
0983981002
0982728476
0940607476
0989375890
0984487235
0987543635
0984810545
0981623268
0988622204
0987492480
0989879174
0982933407
0983494123
0988106549
0989801760
0903913604
0982834038
0989077568
0982568284
0988925003
0988429146
0981617858
0984408279
0981428324
0984311659
0985569609
0985772847
0957793595
0982376217
0987228211
0480899420
0984630199
0984070234
0982417604
0986010827
0986896634
0994923952
0983863294
0982394032
0985658123
0904190740
0987533663
0984486606
0983228186
0986641451
0985404823
0985630820
0980205150
0982440488
0984563233
0987171914
0983972401
0985581015
0988273226
0985558455
0982649060
0988521224
0985781324
0985817668
0986062053
0987756530
0984605030
0986264237
0986418004
0988224848
0985756337
0984263323
0984863240
0986962129
0985499790
0985086354
0983470633
0989781257
0988313740
0987662447
0986782271
0988653998
0945367073
0983919468
0988571391
0980432938
0989151668
0984864937
0982619221
0986408587
0983609027
0981349270
0984571165
0987670490
0985483272
0984695954
0981370030
0982548185
0985893724
0989027172
0982905816
0988580966
0989436832
0982753906
0987652450
0983961495
0989067050
0986601907
0984736932
0985572763
0986071659
0988177323
0985886861
0987306505
0987346644
0988013817
0989061300
0987473532
0981936264
0799735314
0921510615
0988461016
0987682409
0981220223
0914971388
0984948103
0986057591
0987690015
0985573673
0984882799
0986317105
0989826735
0981226512
0964534885
0343149130
0982349895
0987753884
0986300560
0919325540
0985552202
0981309651
0987143965
0937255079
0989752002
0981125806
0980821910
0983742636
0985739516
0986925108
0982073744
0983502347
0983357668
0985801000
0984864768
0986309516
0982383455
0984256287
0988731372
0981951266
0989325847
0989529517
0986068547
0980567353
0982632735
0983476978
0983145967
0986247656
0985857931
0989158317
0981537371
0982246602
0986392005
0989734982
0980785278
0986125293
0980820967
0986060363
0989510696
0982498091
0989239907
0980342350
0983254111
0986186736
0983394975
0982220443
0986415919
0982759074
0985853989
0985263163
0982312412
0989252642
0984337476
0984161187
0988444306
0982814862
0988068363
0986908373
0916578102
0983159623
0987285048
0984442489
0986392361
0986213974
0989194823
0988565306
0986001111
0982175492
0980442814
0984080983
0987813238
0981748898
0988193446
0984952118
0984860597
0984407383
0989497325
0983830168
0984795470
0981410564
0984634171
0986712732
0980915002
0913803989
0984494736
0787785005
0983844476
0984807574
0987214350
0988482253
0988782986
0988400790
0987199404
0988023362
0982023263
0989599619
0582688044
0988538650
0987371546
0984003283
0986021450
0680058066
0971231787
0984004273
0981036150
0988935321
0985661973
0986784559
0933212800
0984224944
0985591456
0985068615
0986834611
0988779789
0986062950
0983369293
0981645968
0986704388
0980614920
0988172078
0988755258
0980489238
0980916053
0989832767
0956203692
0988250452
0986469528
0984780095
0353698021
0988529716
0985901215
0984330864
0988835701
0982219535
0984482097
0988706301
0088057675
0989857808
0983091175
0986084825
0983459167
0983202930
0984244502
0987089296
0984081882
0984630822
0980663545
0983356768
0986348211
0985206263
0988961219
0988993635
0983574978
0987289711
0982421835
0988517097
0984237016
0981049214
0988830844
0982151537
0981707501
0938556542
0986163033
0989225618
0989591208
0982661743
0983173744
0986816432
0980885591
0903039917
0986165986
0326635404
0988055732
0985009088
0982226222
0986780933
0989443120
0985479777
0989403742
0989768278
0981673658
0989907882
0956968894
0983177398
0392000049
0983533340
0982737619
0984169509
0982382138
0989638716
0984782315
0984327792
0982437777
0984880444
0981166209
0987541763
0982245477
0989066436
0988644599
0980464163
0986814374
0988741210
0989663366
0986595991
0984310451
0989630348
0982821701
0984451051
0986321906
0988993151
0986412040
0989134351
0987508794
0989087484
0987663695
0981120084
0987610555
0986725348
0983832075
0985085187
0987859465
0980655578
0980551041
0989938301
0981228144
0986113102
0903924702
0984027529
0958605534
0980727220
0983390345
0984525916
0986067933
0988289844
0988279178
0981360020
0982246213
0988190561
0982196582
0989816563
0985751128
0984399586
0987630508
0981229850
0987224513
0980977581
0989265118
0982724992
0984249984
0986334620
0985511151
0987990092
0987996157
0988948144
0989760749
0988152668
0984253595
0987043304
0985242473
0984176987
0986370761
0981439123
0986739124
0985085425
0989745956
0984543018
0988279901
0984257761
0985987689
0980156354
0986889276
0986373042
0980526049
0986441225
0982962348
0981561257
0982291815
0987820768
0984602644
0988223398
0986447730
0981057159
0985120062
0983792470
0989592611
0984944571
0987776953
0985927138
0987379020
0981576149
0988912219
0987536217
0984249114
0982536119
0983855378
0989192136
0987990298
0984602438
0981947945
0988961932
0991090210
0989575870
0986524066
0987406496
0983832250
0989408037
0989154053
0983755232
0984752406
0986352323
0982184414
0981589030
0927646516
0988373895
0983722780
0981380858
0985434405
0911326618
0982646731
0986332847
0986088652
0981222638
0988967191
0983996249
0989032808
0980956016
0938974063
0983825713
0984764611
0981310431
0985515390
0983492678
0986899383
0989605936
0988076148
0981163412
0989303402
0980673630
0988759204
0988759498
0984788519
0986979791
0989032555
0983878288
0987964039
0989376806
0985445005
0982874906
0987153466
0981367135
0980616426
0983580684
0904321172
0988414990
0941359418
0989733650
0987878130
0985619045
0986768318
0989362751
0984222202
0981037158
0944980966
0987325517
0995122840
0983821076
0985693502
0988141555
0982624591
0980847595
0981382516
0984051181
0981115895
0885021160
0989776255
0982497496
0984712858
0987029249
0989321466
0984762502
0946328710
0982695091
0981220251
0980519349
0981795905
0983452353
0989631186
0982389969
0983853816
0984147019
0989363984
0986651967
0987857172
0984186790
0987716280
0985147481
0980464000
0984177317
0980470867
0986140401
0911761965
0988002984
0989149914
0987100757
0985880460
0987735368
0984079009
0985563095
0984490142
0986717609
0985979520
0985542080
0987259464
0978685673
0989796959
0989105567
0986832759
0986744363
0983504618
0983116037
0989273480
0988897458
0986203531
0986490011
0981462282
0988811109
0984422836
0986522723
0989903062
0986297684
0987808158
0987033253
0986562975
0986731654
0906911368
0985223861
0983721173
0988433797
0985557452
0988525041
0982895784
0947168977
0989378402
0985251556
0983967306
0987593393
0988549289
0989279835
0985345017
0989600207
0984985298
0982866615
0985225186
0981130272
0981197970
0984006483
0980018682
0680240877
0984558932
0988108913
0987726747
0988464297
0984669161
0989270296
0985401509
0981401138
0987507062
0326739791
0982017642
0983626134
0983357000
0903021804
0987752075
0989496150
0926407989
0986560526
0987452007
0984434330
0687271728
0987845168
0983475120
0983997543
0983553243
0984570238
0581140095
0986211228
0985232335
0983422462
0984914422
0919231599
0986769083
0987792634
0984882376
0985431859
0772662270
0988814445
0987251503
0486012161
0774137015
0983535703
0982618378
0989945563
0981100193
0986860096
0987740308
0982524432
0983067702
0989207329
0989622965
0990048641
0983488238
0981166925
0987300808
0985120958
0980078949
0986628095
0986797466
0938010693
0988956509
0987457869
0983034786
0989977545
0983774954
0988367370
0986182435
0981728362
0988607166
0984191356
0988189472
0982959182
0983975973
0988102660
0981036740
0985967673
0983378269
0985547688
0984295264
0989533862
0989104079
0994546101
0985838715
0987104120
0985718322
0986321595
0982206347
0988992761
0985357116
0982375493
0985500789
0988369672
0986823789
0928478810
0981581772
0983824176
0984888013
0980015492
0904524805
0980378226
0980493631
0786049221
0984410500
0987098220
0980541295
0985687844
0989493862
0984050842
0982063772
0987301199
0985262991
0985142368
0988741100
0987863180
0985356034
0986442797
0931721031
0081398168
0939119281
0935843366
0984312933
0989258193
0986506408
0987999676
0983220473
0985735989
0989130358
0982250277
0987495275
0985237058
0981355403
0983924898
0988211775
0989599957
0981657844
0985055740
0925624521
0980805921
0986645585
0983833094
0987150451
0987099355
0982340526
0985553249
0986324654
0989509987
0772900820
0987731161
0986745951
0981236403
0989663791
0985693281
0985570766
0983399954
0986278294
0982926942
0988790791
0904351540
0983324479
0980307722
0981455363
0983560689
0987046087
0985580451
0988495640
0982344660
0984442811
0989906244
0986224067
0982265894
0988730498
0987061563
0986257965
0987753208
0987591117
0982494660
0989283080
0989044819
0982304875
0984037492
0989128302
0985195871
0983390062
0983729068
0987071901
0983707328
0986459951
0989418243
0985275057
0987630259
0984276924
0988793933
0986208065
0988634072
0989825188
0983680228
0982446174
0986662593
0983131243
0981205476
0988214368
0989229271
0987973846
0985321695
0988872249
0834651159
0987106060
0982726743
0988622781
0989923026
0989756052
0985285011
0988692801
0988788414
0989141092
0984545736
0980106532
0986507757
0987532256
0989151100
0984420547
0989221787
0984944658
0989827590
0982028639
0983682070
0986053842
0285472676
0982082126
0986863525
0988924321
0984978214
0984843851
0988445734
0983713393
0988213602
0988175808
0988181976
0986173912
0985637675
0980038130
0985275520
0987069914
0981851804
0987883188
0981909437
0980024662
0983486960
0985809899
0972700978
0913186125
0984094249
0986994929
0987703849
0989611270
0483162110
0983859048
0987337841
0982916775
0985178649
0986679780
0985476705
0951914989
0985105557
0981904891
0988763343
0988492353
0989881604
0981337486
0986906149
0987864754
0983926690
0987144577
0938176781
0989585574
0985883989
0985091451
0988476681
0989235952
0988030864
0985419397
0983911211
0683001618
0988169358
0989720543
0984736864
0938226239
0981770066
0986262779
0989317983
0982212814
0982844905
0987460960
0989052993
0983063024
0985159508
0985899469
0987210737
0984248467
0981256911
0986431796
0987323117
0989358862
0989864887
0981492884
0985688136
0988350593
0981814086
0988320194
0980989019
0982541122
0983172943
0986257323
0985976965
0987736570
0987398033
0988064727
0988390943
0989700905
0986916467
0980528624
0985825941
0987468375
0924115830
0983985805
0981871863
0986765622
0981948007
0984415487
0985648671
0982833163
0980875595
0980251669
0980009956
0986577755
0982526427
0989165407
0983740343
0985574041
0986063931
0996128163
0986207225
0982311547
0980126910
0983911017
0981111409
0980411155
0797247425
0985994516
0983448818
0989227141
0985940426
0986543086
0983719306
0987546396
0988711579
0987482428
0985634111
0906020279
0983249290
0965737772
0987569286
0988562985
0989818005
0985029423
0988476645
0984556231
0981591234
0984088698
0987268952
0980757264
0980609009
0987768239
0982259412
0980382533
0987106841
0907452720
0984597167
0900504272
0909813430
0954964476
0988194771
0987874468
0985334732
0982918838
0987972912
0987676745
0989094914
0982397640
0985018479
0397144033
0980916944
0988195353
0984589555
0984982538
0982485683
0984753141
0981454589
0985446490
0989231120
0957377244
0981241706
0988630285
0986720917
0985682271
0985266564
0983589127
0983659493
0982792653
0982083162
0983776742
0983234717
0989032933
0985123825
0983068078
0983935995
0989917113
0989826639
0989391515
0985814012
0985012138
0985281308
0985575039
0987607284
0980917816
0989764486
0985722352
0983365184
0982003628
0985177974
0988063790
0484318738
0983235416
0988062537
0987088933
0989439259
0984183925
0982477091
0987392637
0982054752
0987418208
0980847099
0985583908
0989482474
0989863321
0989354448
0987017458
0984849214
0986587460
0986582507
0987296502
0984833308
0989726989
0936538726
0980410933
0986185010
0986557587
0986121456
0982415169
0989515837
0983180619
0984646673
0986893817
0980880721
0985629093
0982527140
0981229330
0953620478
0982968662
0989349425
0985361386
0989314362
0987298198
0988167963
0988759462
0985633566
0985676628
0989055275
0981149078
0983509398
0289226208
0989494887
0981191076
0983951424
0987577926
0986061948
0982163553
0980026399
0988769562
0988230931
0988497326
0989516663
0989021677
0985325519
0986741493
0985932887
0985601535
0885497823
0989820595
0989607526
0986201083
0987218480
0985368812
0988323941
0986104987
0987196182
0982959080
0988408698
0983673533
0988176032
0936412045
0987359949
0916992424
0989400291
0983806682
0983798031
0983338272
0982241677
0986556259
0986722362
0984088067
0983887086
0986421516
0985300330
0989281702
0984166132
0938971366
0988114858
0984990648
0986784217
0988504560
0989825347
0985942891
0989358640
0985500769
0982648060
0987895675
0987772400
0982766594
0989467657
0985735179
0982718334
0985960296
0582480945
0987944512
0987784085
0987875283
0982215595
0985514495
0989025256
0985092690
0985690350
0982820281
0984164981
0982318239
0989395102
0980882004
0982379686
0980650265
0983157793
0981919789
0980248622
0986765735
0987908793
0983736498
0792154211
0989082581
0981784504
0988745100
0986190864
0984206951
0980229087
0985227254
0981906420
0589605038
0983356302
0788749483
0985202293
0986580434
0982550633
0988750131
0986287178
0986336982
0987358030
0988723201
0987887334
0982590922
0983907619
0947990810
0982470884
0987541407
0983666348
0983306862
0989575718
0983148632
0981978202
0986926574
0983085720
0985706790
0988850609
0988552028
0986012739
0681642160
0984341346
0981409411
0987840869
0989865766
0987564780
0985297916
0984012757
0984644004
0981879560
0983488193
0989717942
0989089245
0984194574
0985596853
0983470600
0988039557
0981753436
0952434816
0981300254
0989816536
0983859561
0987133887
0989719683
0986390676
0984970162
0985127792
0988244023
0989954275
0984145642
0980350965
0887479031
0986499882
0988360695
0982728049
0988310220
0989136175
0989153650
0987793716
0986463000
0980600743
0983428958
0983339592
0986890397
0984054424
0987040288
0985537315
0908333128
0985811939
0980157396
0984306909
0986846263
0983678225
0982474070
0987417092
0987223978
0980598923
0980243539
0986019662
0985973701
0980882902
0989743640
0984383186
0981624997
0983791933
0982790083
0187747337
0681009096
0980094292
0989374724
0980563439
0980899751
0985034091
0986104171
0983986121
0988496540
0986745512
0989562669
0981741701
0983977217
0983600231
0983693900
0984353419
0988809553
0984086812
0985069214
0288200521
0988655648
0987870279
0982480482
0985289306
0987978623
0986193955
0988149574
0983614319
0988763887
0983705817
0985313394
0988428864
0968704852
0980372266
0984084608
0985419474
0989730235
0985458030
0980738960
0981253380
0980370124
0988073247
0906767975
0982246432
0986916049
0987496953
0980223812
0988901337
0786797623
0988692347
0989367154
0985178498
0989152100
0983820208
0684214920
0987809292
0985956249
0989959379
0931563236
0569403667
0959588624
0980090398
0983968907
0988413044
0984845491
0982581261
0985547954
0980118779
0986400167
0984523795
0987988126
0986524531
0986608307
0989282791
0983596761
0982356607
0989782889
0983671732
0937640939
0985185703
0984554360
0989310908
0985403559
0980565352
0981204075
0982198432
0986539195
0981696390
0985368229
0987326484
0989624183
0989276603
0987881944
0981725150
0984326860
0988643833
0981906586
0687207509
0985501204
0985410780
0982839257
0394992317
0987971976
0981194575
0986005261
0980913783
0989332655
0988314679
0986009168
0913163287
0988059409
0981759162
0981067869
0981747193
0986934801
0988650812
0988564919
0987915273
0981272813
0984048077
0986353835
0989966565
0983374537
0988501908
0985263213
0980939761
0987809102
0985942739
0983437590
0912256924
0984375467
0981769771
0986878265
0984817298
0989860241
0982809825
0984507372
0985894963
0985055958
0982514831
0983149102
0980980102
0985081643
0980916351
0984537363
0981252079
0982794916
0979044889
0987611366
0989668188
0984363104
0986782982
0986728952
0986699835
0981447552
0986985024
0982452333
0985549886
0988937932
0983185077
0981652004
0981285208
0984791634
0988706229
0985607248
0986705311
0188794163
0987358476
0988914567
0988946451
0768293573
0986402515
0987297112
0989861035
0985683091
0986603537
0985560868
0981203019
0987441206
0997463012
0989058650
0979998898
0982838316
0986026737
0988921497
0985587985
0989248679
0986417366
0985950805
0984994898
0987627852
0985665300
0989777982
0970305691
0988731692
0987728317
0980008946
0982334815
0984515958
0983433114
0987506610
0985036874
0981442797
0944101013
0987379890
0983474945
0988935380
0984055737
0980908965
0980347605
0984520518
0980143555
0980983146
0387327239
0982360003
0987247926
0986511457
0980182693
0984818116
0182387972
0981910228
0988529190
0982728098
0285924140
0989135058
0986052841
0987178669
0986495222
0984409421
0343857334
0983389802
0980760164
0980935467
0985919555
0984377435
0888139063
0986437478
0984646566
0986268504
0988223244
0985984681
0983513125
0934615202
0985360288
0981131359
0985005721
0988238574
0983786035
0982402512
0986996816
0989541713
0984924816
0980187815
0980684213
0989635580
0982899910
0985467863
0986747019
0988846602
0944215780
0981559986
0983478814
0909742140
0983381701
0962498560
0984395992
0983696345
0983417720
0986802447
0980873174
0981879681
0980921315
0985453647
0982572211
0987416347
0983196511
0980215128
0935362318
0986851558
0989602461
0988391595
0984164400
0989393219
0989896802
0987208340
0987098152
0986059040
0983570218
0987686877
0989322186
0981947333
0986035767
0787390920
0987470694
0934124155
0986456383
0987311896
0985306038
0985464276
0989696706
0988344339
0987161369
0985177472
0989816877
0989683675
0930541879
0985414975
0987563142
0881125974
0984782365
0984484247
0989991948
0373784598
0982781122
0356860254
0985138118
0984846285
0989671435
0985647176
0988101685
0982284287
0989527897
0982416674
0982679247
0980944618
0986805196
0989304530
0985868716
0986749778
0982159370
0989170357
0988012120
0988780963
0982807407
0989122521
0988846477
0983221099
0983077808
0985655442
0989006172
0987000799
0981625466
0983815603
0985314038
0389255391
0982023636
0986538723
0983685463
0986358025
0983084738
0980085287
0989981580
0986553478
0981765989
0980829969
0984565231
0986986590
0983764221
0988778720
0984134497
0989337481
0986365271
0980782168
0982310794
0933487675
0989338558
0985671162
0987517986
0794142767
0982989708
0981523964
0503992343
0980064894
0985054059
0984325643
0988982246
0984724160
0981267788
0985282380
0901134526
0989756745
0984149216
0903983451
0988479547
0985294447
0937851513
0984391658
0988983362
0984816711
0981571391
0984675560
0986883371
0989169745
0983684335
0982976080
0986449551
0987048347
0983513907
0982179322
0985819930
0987182155
0989629220
0986635395
0985477589
0985626943
0986626853
0986072847
0985936798
0900088222
0906717981
0988879201
0982949832
0985941126
0980732875
0982959374
0989283115
0981607223
0983629052
0989647587
0988167720
0989752338
0989239096
0985519784
0986565920
0980655482
0989382800
0988311342
0387572030
0959827444
0985045640
0985478162
0984810334
0984170962
0987868653
0988605007
0986879320
0981727730
0985046903
0985646448
0987182281
0989830735
0981164777
0986082865
0985728392
0987950513
0992525120
0987542153
0984203554
0988917337
0984189845
0988735869
0987085557
0985590545
0986201988
0985590099
0986301065
0988053396
0985752823
0983406991
0983485810
0988976508
0982005938
0944528115
0985865615
0985011415
0989922116
0965676766
0989868937
0988196736
0982321951
0989646735
0989094842
0987325010
0989876277
0989638311
0988031441
0989982502
0980147805
0983678836
0984987258
0984995858
0984052243
0980826908
0985118367
0987071183
0986906397
0989477270
0986417841
0983057823
0986856033
0989455753
0987217308
0980614004
0985180096
0988748875
0986953043
0984980882
0982755761
0988557687
0987106751
0988838517
0980558934
0987627354
0982895249
0922676551
0986661437
0986697539
0988738350
0983488601
0960670979
0881250537
0981855641
0908079037
0985953449
0987940853
0983874917
0984150429
0980003996
0773021058
0988287798
0980523837
0980363030
0984688837
0681026595
0981580954
0981212900
0985321176
0989060025
0987269357
0989659534
0989731875
0985489280
0981555400
0981408667
0985198312
0980316262
0388888928
0987080436
0984407478
0982132435
0983645105
0984922467
0987855525
0988561889
0980486835
0981062354
0881267729
0988184795
0988164995
0983440304
0980674601
0983980555
0940700215
0981832507
0987328596
0983193846
0987084646
0984403245
0988305792
0980794934
0283899200
0980743689
0989863251
0985768897
0983297275
0989398795
0988852546
0986054460
0980402882
0987208983
0981958513
0985518112
0989862073
0988561645
0983817026
0985143700
0983348340
0981002914
0989430132
0989462492
0985318842
0984664409
0980185691
0980405023
0983690009
0982070618
0982090068
0988689737
0987141419
0982205643
0989410483
0986912409
0989480908
0989310158
0987964525
0982624346
0984787222
0959459972
0981984776
0985810393
0985660252
0989104771
0984736822
0980211434
0983659100
0968963129
0989430984
0988307307
0980519866
0985920429
0985763123
0986113138
0984614382
0983292784
0987399811
0985329988
0988063736
0984308406
0983498606
0983282198
0986947888
0980755538
0940223319
0982996190
0985205696
0688274802
0988418763
0986882333
0989600326
0985616879
0881418473
0988230408
0982039095
0988328298
0983599226
0989266219
0980308597
0989444396
0986550775
0987978326
0987803314
0987967863
0988093932
0989700591
0980962238
0989410613
0980721338
0987618326
0987201536
0981415398
0985048544
0986442263
0984695820
0587840754
0985725354
0980100282
0986479777
0982179043
0983580923
0983313439
0983326905
0945565592
0986100482
0982752905
0985276645
0989402722
0909916667
0280449715
0987234806
0982173053
0985687784
0980757478
0772918855
0988811192
0985583096
0986739519
0983859694
0986477398
0985399909
0987189071
0984822569
0987038716
0988207031
0985528767
0985273205
0915051194
0989251342
0985417981
0988024578
0989310768
0980578036
0985131904
0985558063
0988414952
0008633339
0984091436
0982268021
0980625973
0988522185
0987674277
0987856289
0988212435
0981269350
0981648251
0984830517
0985382124
0986819436
0068146937
0987042579
0980889209
0987266518
0986246486
0987929655
0982106395
0983421423
0986028343
0984577720
0983749568
0987002321
0983765210
0987490916
0984433302
0927442001
0987487483
0986407223
0989027937
0982742575
0984283224
0908353966
0988403485
0985039691
0981583628
0989082738
0989384061
0987402726
0982346913
0981029802
0982706152
0986211627
0982687034
0985440504
0981122807
0988900505
0985296024
0329626920
0986901524
0982551733
0987577354
0984444452
0924871139
0983648312
0984316303
0185407424
0964273363
0982744215
0987160799
0980161584
0986999590
0982491593
0989273432
0988961888
0984899270
0981579218
0984928518
0966692908
0688157914
0937485095
0988800463
0986017637
0985167070
0988129051
0986777438
0981803805
0985531567
0983243242
0989664644
0985957225
0984659551
0987938053
0982944306
0888869517
0982240518
0988501369
0981711883
0988920467
0982590837
0985738072
0987422912
0987178992
0983307767
0982812322
0986154580
0286610815
0989359161
0982079663
0980483612
0982478983
0985314887
0988811680
0983522305
0982399956
0981689256
0189563275
0980729976
0989138134
0980408822
0984302222
0982461802
0980706988
0981203894
0983673558
0984148826
0989828352
0983132499
0984157739
0989363350
0989232828
0985268467
0989922514
0983565921
0980426639
0989099779
0988412059
0989224989
0989026196
0987353486
0799868865
0984206246
0988835673
0984104591
0983487739
0988136963
0981425790
0983724566
0983300495
0980090942
0348370850
0981509248
0983180088
0986398714
0988828555
0987518090
0988748798
0986025577
0083902657
0983522462
0984946791
0983098214
0985978880
0986236208
0989999731
0982100999
0983596508
0823622294
0981546233
0983910916
0981663921
0981478743
0988537661
0989494211
0983106405
0980020207
0904623512
0984356703
0989681264
0356764355
0985016966
0984510378
0987780725
0886547915
0989925814
0983346309
0989846002
0988211562
0988900818
0984514581
0988202234
0935689726
0988272850
0986108523
0989078949
0986142916
0986479378
0983794525
0987265895
0984340226
0985932989
0985743796
0981653504
0984901243
0916895504
0983552118
0984265884
0989505324
0986435112
0983371616
0981620485
0986307335
0986795177
0984290896
0984420952
0997536167
0989019704
0987350393
0986226073
0984350002
0981331318
0986760116
0984975369
0981346116
0981973442
0987616305
0983492669
0981702773
0985611653
0986437444
0336752449
0984312731
0983409539
0981223510
0988190815
0987033458
0986495962
0985886628
0988186676
0981040376
0982965521
0980982760
0980581032
0985494485
0981492460
0983561837
0983906113
0989862503
0986344740
0482793515
0986502791
0987896769
0988164271
0983983846
0988370015
0982504847
0987215371
0481972965
0566716089
0982116829
0988564346
0987793977
0989582774
0989079282
0988959708
0585249758
0985529764
0980671358
0984594018
0982172057
0832116119
0989010959
0983240528
0987089656
0985580030
0986567491
0384629799
0986986183
0989400889
0988713598
0984064602
0986144677
0987094093
0986411198
0987061906
0982154848
0985948286
0987584839
0985053989
0945429120
0988619515
0983281309
0985943813
0981527872
0988880990
0983615663
0989188753
0984990805
0993745675
0985018964
0988408026
0989446610
0982563028
0984231791
0885040674
0989383471
0988054038
0986704872
0980497894
0982419746
0989807673
0985072323
0980944862
0981276379
0884791993
0981058986
0984723920
0989200445
0949757016
0987603913
0987518286
0988563190
0980942435
0983435071
0364041798
0985829607
0783463867
0984098823
0984066318
0989497191
0984574383
0980709353
0982293723
0980501468
0985027512
0986121138
0980055556
0982843416
0983041194
0980205324
0989168647
0083434073
0986967716
0985731254
0989580616
0984227923
0981378286
0985696053
0983352815
0981112171
0943476530
0986255270
0983379383
0985074645
0985217430
0984699694
0989280082
0982993683
0988197312
0987718325
0987352356
0982687762
0984863919
0981473215
0987552358
0987324827
0985939240
0989070411
0985032289
0981765504
0986742874
0981922282
0987302693
0988814299
0981663450
0989017189
0989446501
0984364646
0983202015
0985113129
0980598489
0987776281
0987475686
0988024973
0988659384
0987254509
0983333663
0986966298
0983029695
0984056897
0987981048
0982700381
0984668320
0986917498
0981674589
0980364586
0982108857
0988014154
0985708225
0985964962
0980138829
0987963216
0988862317
0986733314
0988136270
0980646567
0988977526
0988139304
0985021766
0989328464
0981088387
0984941855
0981371136
0984998384
0981266983
0986659403
0981448837
0988473422
0960987506
0989247911
0985528494
0982242922
0909614434
0088195152
0986013276
0987626917
0987484014
0985801894
0987768392
0984995962
0989460038
0986601912
0983923939
0985844506
0982775627
0985091908
0989988737
0984011441
0907638377
0183430654
0983411889
0987257106
0985139983
0989916529
0985508840
0989104964
0983653028
0983963089
0987254107
0704411808
0982745470
0986830041
0986763951
0983788352
0985373144
0989763304
0986395323
0980787483
0986937888
0987181714
0989139752
0980787399
0980763116
0983677614
0985295646
0936157826
0984250934
0989363136
0980343866
0988430832
0985614959
0982861134
0908310181
0986824829
0987392652
0988093585
0983291980
0989486935
0981063898
0981873650
0980725432
0985419437
0987375452
0981541868
0986559921
0982752723
0988868939
0985810555
0983431792
0984686535
0983669006
0377384258
0982157815
0285042709
0980086196
0985021719
0984167233
0988797257
0987927484
0980510207
0989210461
0985892317
0983973420
0982174566
0984813565
0982966960
0703054718
0989422685
0986059549
0985827333
0980553020
0983629837
0987945746
0989894951
0985784702
0982257403
0988145217
0934677110
0983386097
0981875028
0980209889
0982935428
0986277780
0914880482
0987122900
0982729170
0989643108
0981965767
0188277090
0685979771
0982923861
0988130574
0984844010
0980008920
0986138233
0980808952
0984544411
0983979512
0988534258
0985703369
0982924377
0985511786
0985981681
0813799251
0981064188
0985623649
0988170881
0988012705
0986792679
0986563048
0989473386
0984983063
0988800891
0980197588
0326011865
0987718579
0987471684
0987884546
0980632163
0989380672
0988883224
0983548545
0985625361
0288980666
0988635289
0989983120
0986956176
0986783669
0988165721
0985837670
0988021703
0787365536
0978561205
0988097065
0985732640
0986191279
0987250617
0989864413
0988276003
0989423393
0984488477
0989996492
0988862474
0344543772
0936796151
0986252421
0984678117
0986273127
0984204844
0981696834
0981790384
0989908528
0982429137
0989221994
0985477617
0981605188
0982617234
0988878025
0985086894
0982067851
0987248581
0989403519
0987130546
0988310652
0984103483
0986685844
0983982501
0982276640
0987529976
0987356137
0984964652
0982885765
0988357347
0981100561
0987873190
0984988789
0980701408
0989110828
0985436711
0987837955
0983378853
0979719220
0981118445
0780579063
0987718802
0986029240
0986144270
0987745547
0988877201
0989663912
0987976446
0908832923
0986530909
0980221627
0986589440
0926403831
0981243778
0931318322
0987552144
0984762520
0983211762
0983532392
0985082614
0980878666
0936998665
0982248538
0987457241
0988817288
0985904022
0983240334
0986031029
0985663380
0986043092
0986474763
0983929903
0985622667
0985537970
0983533188
0984366727
0983169635
0987946729
0981757286
0985853784
0989001166
0985346226
0987776623
0987724094
0980613596
0985829828
0980600787
0980394174
0987735697
0982821548
0987438307
0985404220
0984077657
0983386456
0982380580
0985572875
0985848058
0380491438
0984153324
0982506401
0984755323
0988213001
0988202522
0988094453
0987585618
0989822649
0984962007
0989513343
0980233462
0982213947
0981073978
0980742988
0987879588
0982589801
0988430855
0988847769
0982764261
0084000265
0981891988
0981291602
0985340289
0986824543
0981455398
0986595597
0987982797
0982474858
0985978219
0981388229
0994195611
0980176056
0988352295
0988613716
0981295222
0980958034
0987236907
0981289107
0985240408
0985525844
0984341119
0385987262
0986423260
0986223356
0983863095
0987523417
0989281144
0995151037
0980892450
0905805808
0986776560
0886233543
0985251302
0984667818
0489753840
0988552744
0984224989
0988441068
0983013015
0989462417
0981485640
0988108513
0986596369
0987018131
0983868767
0982306706
0978839848
0904585571
0989728751
0983610794
0989943431
0982667385
0386506880
0984747207
0981693950
0985854856
0984146673
0987140940
0982053011
0982868352
0985623609
0982213647
0984995377
0984856009
0988222685
0988574693
0985281396
0988828115
0985348246
0989363066
0983324001
0985693906
0988882740
0956802361
0933977697
0989187883
0984195831
0980384451
0983713739
0982491160
0986558514
0980304489
0988473407
0983606196
0984271662
0986490630
0998204687
0985758185
0982778351
0989420226
0983867542
0981214261
0936816281
0987577040
0982348017
0985973133
0985199507
0983295393
0985286294
0987097483
0984106998
0980588128
0989206054
0984527787
0980508627
0986682808
0980931041
0983546015
0980895541
0986845248
0983359746
0984073218
0986643022
0988520390
0989378714
0983217922
0984553965
0986371502
0988556422
0987933787
0986057434
0984529548
0987014764
0983935960
0985397220
0989388882
0982837189
0985524393
0986903316
0981155139
0983509997
0988155989
0982632343
0986576674
0981790812
0989113274
0982771887
0988957724
0989758737
0988690505
0981198647
0985580917
0987258253
0988363700
0989644391
0985992620
0987244200
0982508499
0985255726
0987332045
0985767812
0988823212
0982846712
0982036312
0984601732
0988852330
0983118177
0984341503
0984150277
0984358341
0989726777
0983788745
0988574651
0982674900
0982465849
0981411671
0988942617
0989857829
0984786821
0980446470
0983185954
0987391504
0985434264
0984170791
0986306145
0983078981
0982226377
0984809270
0902724252
0987774506
0986201784
0984176587
0980548094
0914079458
0966576395
0985350374
0983522751
0978737585
0986173205
0329059459
0986072744
0989133329
0982747573
0984554737
0987757645
0906826130
0987956545
0981974165
0983075250
0981924002
0989417743
0989912497
0086850869
0981380216
0989001539
0982937038
0986895396
0989947420
0948450403
0985182552
0982188512
0984648805
0983342511
0987707253
0980218954
0983145697
0903078967
0988982299
0989168161
0985376663
0984460075
0984553584
0988047764
0986436973
0983672873
0931832038
0982211723
0983002672
0988834816
0989812376
0986850533
0980884670
0985967558
0989773392
0987115636
0983099070
0986775966
0987274646
0985232453
0985032677
0988007779
0967674003
0983781435
0981061520
0985273554
0986271142
0983511847
0987853800
0988782837
0989395700
0985232584
0983788088
0985199130
0989208244
0981397162
0980401052
0986023612
0983699944
0989159983
0981185266
0987768192
0964756571
0986813034
0906309167
0989288609
0987960881
0985841715
0988237455
0984187385
0983418041
0987919073
0909719908
0985550688
0986899889
0985962839
0981656390
0984932354
0988356806
0984193844
0980180709
0989191908
0985848936
0987930601
0988701784
0986229524
0983001335
0985259103
0984722814
0976273500
0985927215
0985819371
0185484581
0983910700
0984966362
0984552280
0986460337
0986384170
0983392638
0988115871
0987387580
0984814736
0989599362
0982004461
0981949154
0982337090
0987674511
0985533024
0981710398
0987189851
0985091639
0982161780
0983341705
0983375095
0985583063
0986256283
0983653996
0983713813
0988832307
0985420111
0984430034
0989911114
0989290125
0983538345
0989636666
0989779570
0980206760
0984097243
0983231023
0984463061
0988036465
0984349974
0983654506
0917047479
0982796602
0983966495
0985750046
0954208124
0989265562
0977670417
0980492926
0922654853
0987459588
0982554597
0983712825
0987042076
0985366391
0988041767
0989265836
0989217233
0980291345
0986929182
0989125614
0989127240
0949304642
0980417697
0380481874
0982635436
0982167805
0981204782
0987212418
0984339692
0985190679
0986836512
0887431701
0983359696
0980839077
0982559570
0983952239
0973591515
0989436528
0987304756
0988618079
0983694733
0947843346
0980176346
0985184318
0984128800
0973366473
0985551287
0982800220
0983068349
0987531421
0888156996
0985887489
0982773412
0984621346
0981569454
0988284333
0984546333
0985561502
0982098787
0989995839
0988323511
0984457631
0984925310
0983452532
0985208167
0985441021
0987719141
0985090698
0986945055
0989629881
0980782034
0986622207
0980314806
0989836333
0986921644
0987855242
0988362084
0988050298
0980588038
0916078973
0989049958
0985226486
0985319561
0988360756
0985565441
0980444313
0981500815
0987546292
0989403281
0985234829
0188282642
0988670959
0982113410
0986178741
0988038889
0983891749
0985517839
0989358951
0988612235
0982699963
0985051206
0987781034
0989485655
0984982514
0786509967
0986517936
0986543876
0987982122
0988764611
0286182687
0987835179
0988141056
0982944808
0982449583
0984326000
0901334883
0987375414
0930306864
0986184905
0981430182
0980719680
0981965071
0984211517
0988921724
0988972679
0987853559
0985320373
0988422339
0982258749
0988856637
0982053540
0985230486
0987842941
0985533154
0985132744
0987011966
0985946735
0987475743
0983398621
0985278329
0983068231
0981046564
0989112339
0981772753
0984812520
0988473353
0984296032
0987651812
0988110955
0987129287
0987342328
0982408624
0982631491
0986215230
0988650717
0985800765
0989961898
0986563447
0989101978
0986258025
0980695262
0984918989
0989883191
0984674034
0986321079
0984751684
0989084560
0983274021
0987987417
0989801221
0980019147
0982980133
0985525486
0988056627
0957626391
0982154316
0988831407
0987104809
0924055085
0395911677
0986477820
0981666304
0981909837
0926484035
0981053148
0984240002
0986398783
0988694533
0988272657
0981258390
0983682751
0987346646
0981847816
0983749715
0980244887
0480065244
0959074414
0988470916
0986418692
0886582790
0986801978
0338501201
0982181423
0985051338
0985374356
0987496188
0985141274
0983156486
0984428762
0988258778
0982463505
0983903099
0984543949
0981107754
0989890384
0988176896
0985498050
0981758306
0985517626
0981669867
0985130142
0987634154
0982904978
0987133865
0987945416
0989899837
0987898590
0981905438
0980829927
0986582475
0987612559
0983998900
0987452543
0987397398
0458806734
0985284875
0984472176
0980187966
0987084561
0950808654
0983060786
0989878485
0989438124
0986586276
0187052873
0985923660
0980456073
0986938814
0985226788
0887480234
0988706970
0983335186
0983832861
0988824469
0987122184
0987331787
0986761723
0987405389
0989415292
0984936673
0382069763
0988047943
0987144270
0986004839
0586363036
0988778869
0986100927
0987790409
0776111278
0923698873
0980966524
0971076396
0985486875
0985206609
0989164346
0984595347
0988509635
0983312730
0982765086
0980788070
0981215558
0989520340
0984171662
0986024436
0981402109
0989520759
0489316356
0989807662
0982727123
0987691542
0988598007
0981583334
0986607891
0983382270
0488700053
0989923204
0989863205
0988712795
0984037422
0989212969
0983252238
0989633631
0988204719
0989269658
0982164112
0984505028
0901394338
0985940257
0985886922
0985954520
0823268966
0987981020
0983228103
0980476409
0981972729
0983762565
0989766533
0983088432
0685812822
0985236044
0985915286
0985342655
0983753178
0980112769
0982049600
0980316216
0988002495
0982464044
0987750933
0983162034
0682852374
0987163274
0988023559
0983688248
0983434527
0986257686
0983375956
0987807581
0987664700
0980338083
0985860962
0984695050
0981418771
0484957712
0989351828
0987075723
0987655746
0988844765
0988167867
0981720208
0964371997
0988397318
0987524402
0989292275
0984399811
0987372028
0980133106
0980965357
0986878597
0987765114
0981939605
0982687486
0982689319
0982454586
0987439051
0983831190
0981192333
0985693474
0982298052
0987803474
0980298099
0982730833
0983755170
0982078058
0985015331
0981079009
0981393814
0983871770
0986537904
0988974411
0985867752
0987582199
0981259567
0986443680
0985075439
0989313243
0981777625
0984641641
0987116122
0987094273
0988785192
0982875320
0985443888
0982023657
0985454138
0984580935
0989535325
0906381567
0988262255
0984034191
0984978897
0980715981
0983055054
0981859270
0987145841
0984926891
0988942119
0980805813
0987794911
0985640125
0986049929
0989540306
0989642342
0982687968
0980250627
0982954268
0984859115
0983952240
0989424342
0980385818
0987269104
0982793618
0985926814
0987795204
0989994656
0982950258
0989437094
0986769737
0985683071
0986216020
0980317716
0980023940
0987050168
0986818681
0984532490
0988614126
0984080222
0986096538
0989559631
0985547922
0987143320
0980342923
0985789770
0980375933
0981893148
0981029196
0986564601
0982438526
0986181809
0781235446
0180143064
0983893848
0981306259
0982579456
0983726044
0981885776
0985043233
0980222465
0980295731
0982327093
0984383663
0985919293
0995360376
0981586922
0984361783
0988801175
0982289526
0982961449
0387900608
0981321991
0985362057
0984083273
0989977534
0987993345
0984150186
0378570187
0981960032
0984052980
0987889098
0980139732
0985513936
0989665074
0985412785
0984212090
0289181714
0989573871
0982622544
0985135741
0988494593
0981227973
0986789405
0982646569
0988505174
0985484299
0684077321
0989123510
0983779638
0983679102
0988540455
0987510645
0934110600
0785273371
0924019171
0988363627
0988582325
0980148116
0983238895
0980293515
0984963290
0989306714
0985889469
0988169801
0983624298
0684138844
0985415878
0987578222
0986937093
0984884712
0926405251
0932935608
0983297551
0985621983
0986680007
0984355051
0985301643
0986510901
0984433224
0166805963
0985886823
0988438738
0987642916
0985081163
0980707911
0987246333
0980805500
0986909993
0909211100
0988000581
0983773781
0989659564
0981152548
0989056804
0980475072
0985226247
0980358319
0980552937
0989544281
0988365451
0981538558
0987123796
0984839757
0987402558
0983351533
0988351527
0984446384
0985636865
0988828040
0983730565
0988407511
0986969868
0989766027
0985537123
0983126320
0980864964
0983525085
0984097643
0989240952
0984479714
0983667071
0387293695
0980417747
0983637450
0984653126
0985567367
0980607094
0988491940
0980808364
0987495369
0989707366
0983550287
0982191987
0986419094
0988657020
0980699445
0989453319
0983318504
0983403864
0985981900
0983883954
0987476781
0981580778
0980609302
0988711698
0986020997
0084135830
0984284716
0983816683
0985196231
0988308270
0989635967
0981687171
0829921535
0985359212
0980122680
0985308527
0775534016
0909619257
0926415952
0986778946
0989143767
0987393725
0986603256
0987180560
0917355736
0989360681
0986154857
0984162531
0981993303
0980176307
0981058738
0983331475
0985207349
0980850380
0082990285
0981300643
0983422764
0981407039
0989333264
0981571428
0981763359
0987416691
0980412043
0988008634
0982936992
0989232060
0983300816
0981304773
0987399652
0982698022
0989150591
0980884836
0983974725
0984749510
0986827028
0988126397
0986080816
0988500620
0941100326
0981724274
0921589476
0989890227
0388851974
0981970039
0988060321
0989355167
0982315339
0984098537
0982609538
0982373921
0981304649
0989902911
0987487466
0988611092
0980902340
0983682022
0982380332
0986138634
0984111798
0987433594
0983713590
0983492643
0982911735
0981819982
0983646017
0982179745
0980379229
0986644646
0987627763
0982751425
0708825676
0989963725
0983384904
0985501456
0984703393
0983868885
0923507040
0984706025
0983913923
0984152560
0987913431
0986410243
0986161994
0983808842
0984333487
0981393738
0984552975
0983181409
0984910768
0708838881
0938816024
0986096102
0984776556
0985430507
0983921448
0988639786
0986613590
0986407897
0985138688
0988985530
0982674272
0986981395
0987119718
0983844664
0984371799
0986586740
0981986513
0984006316
0984670373
0953528812
0989797850
0980432062
0988941698
0985154959
0987757484
0987614284
0981643212
0986611379
0981451850
0989542773
0983846544
0987159894
0987533641
0987370425
0989691301
0986600030
0984029339
0980865799
0983355640
0987557876
0339254509
0989256472
0987056196
0986006721
0981797360
0981949993
0988816165
0283682281
0985780251
0981867757
0985956158
0985989614
0987658159
0988431302
0983140789
0980780395
0934481396
0984144172
0986806506
0986235529
0986959063
0988333673
0983937587
0984427947
0986907270
0984222852
0983923473
0987210758
0987410554
0988925181
0984522609
0985614214
0985676059
0987317860
0987522703
0982789837
0983202118
0987712785
0982258197
0985521795
0983828796
0980676010
0985074354
0180936013
0980795527
0986367343
0987011312
0987806162
0983351973
0987426347
0984393754
0987570482
0987661793
0981131592
0987223866
0941115001
0980564623
0989225254
0903437438
0920650302
0985632327
0689411580
0983898748
0338548260
0984712447
0379421724
0985940610
0989391764
0985631517
0988825750
0608727853
0989391467
0869646160
0984768421
0981646958
0981694291
0987168950
0939879121
0781498699
0983856611
0982834328
0887856384
0984767731
0988703904
0988983387
0988386219
0988744380
0980812667
0952874155
0987116187
0984241347
0984688586
0989091502
0980745108
0988103006
0982940662
0984510812
0986804064
0985480878
0984794329
0984877101
0983558229
0984063300
0981099870
0981568644
0988902834
0483393448
0986167440
0981686170
0971192997
0989922974
0989038933
0980330121
0989070270
0983078974
0986730504
0984655166
0688934295
0987669262
0989855158
0984806290
0986340674
0988960785
0986240014
0985100903
0981532165
0988641129
0382363376
0983472104
0981106540
0987587867
0983460821
0989654860
0373301089
0982857466
0985183027
0983412053
0945877952
0986839852
0981179342
0989559809
0985677334
0989041073
0987033787
0988731939
0982957871
0986328426
0980208604
0989507109
0482028442
0918993328
0983951645
0989014646
0980923923
0986741070
0988557885
0985503109
0981886308
0985237654
0981943148
0586544934
0564636909
0989634478
0985653233
0988648301
0989677771
0983721557
0989084954
0988296732
0989397439
0987102904
0986106436
0988015487
0937799111
0981901301
0982234998
0986929259
0985877931
0988078398
0983196710
0982735603
0987319501
0986688771
0985444456
0983041171
0928005557
0936864545
0988988346
0984517819
0984663161
0980257001
0986963401
0983131812
0980549038
0982303508
0961037299
0988472629
0988786095
0984581451
0987438805
0980238524
0982316712
0907695015
0987707317
0981681783
0909850526
0984773973
0986417563
0987335042
0983472853
0991071476
0986870489
0980887235
0983565015
0984846411
0925757132
0984376926
0989934943
0989133753
0286718488
0988772093
0985538292
0985887553
0986464635
0988967046
0987950626
0983125482
0989849276
0707101102
0988817697
0988961605
0988482760
0984021866
0983397285
0988808826
0988201841
0989944524
0984159010
0980481832
0984885106
0981022822
0986052561
0980772693
0985659344
0286841563
0988499859
0987610966
0981124753
0983975334
0980919825
0982618882
0982213605
0984288778
0588570440
0907931188
0986497746
0986304551
0480277218
0782828817
0987823628
0987532625
0986868696
0986519500
0987180769
0983375038
0985174180
0585742415
0985049301
0981614778
0983996537
0995486205
0983490590
0985191652
0980819154
0985672528
0903303343
0985277060
0281557333
0989057247
0984021887
0986781291
0987936550
0982310820
0989183881
0989611551
0982962477
0775664839
0983866296
0986388553
0982348575
0985855855
0988804851
0986636232
0982464650
0984207185
0980398907
0988740915
0982837968
0987799968
0985764351
0984402421
0984299368
0985369868
0985082254
0925182074
0986009854
0985264448
0788018042
0980524252
0984001370
0989458268
0488353733
0988535624
0937577751
0984671537
0688043603
0364077785
0986968874
0989477865
0982165943
0988979827
0980707877
0988191573
0983817776
0987822202
0986555832
0983659978
0989050231
0988173631
0983758604
0981628525
0988579124
0982232553
0982224234
0989171838
0989136477
0987177039
0988023650
0985258996
0985696824
0985267669
0985236912
0986211750
0989200723
0988714568
0941102697
0985299341
0984068104
0984916416
0987423863
0980366070
0989428217
0986137926
0988841886
0980981203
0982803641
0986600114
0985111932
0981332717
0988605005
0980385336
0977968696
0981648727
0988878132
0986799275
0985771069
0982898261
0989693952
0983659198
0982784091
0989474250
0983479317
0946592588
0988630096
0988822093
0982701737
0985970070
0980206943
0985875687
0989778528
0988253216
0983392845
0987290760
0987665123
0989093470
0989843887
0989118181
0982902945
0983090965
0983662209
0989973788
0988901667
0942915267
0985904675
0984801366
0989501538
0985833886
0987069828
0980751977
0986088853
0988606248
0985771363
0989327849
0988444568
0867553521
0986452961
0980704448
0986301756
0981147516
0988186287
0980060936
0486894818
0884831439
0986058845
0985547888
0986975483
0982019862
0985290958
0985674394
0988935120
0987341814
0983765329
0909686533
0187838452
0980671630
0386481866
0981297971
0983819188
0986798035
0980022677
0985047065
0984164131
0986425523
0986162939
0989970456
0982854409
0903390158
0987643468
0981350920
0988888789
0985011614
0997687530
0981872145
0986201181
0985087774
0986533568
0984694883
0985375836
0981628016
0984264253
0983732283
0989038777
0984060148
0682777706
0981616967
0984725241
0987491717
0983647268
0782401089
0983463791
0982323559
0984936076
0989445250
0922658403
0488451022
0982135202
0984084672
0983346042
0984655969
0989969602
0989465458
0906981115
0980899610
0889403906
0982198399
0982794924
0988240928
0985277098
0937392926
0982355023
0989548712
0987483053
0982487769
0981375799
0982462016
0989356645
0985779568
0985958004
0986605661
0986533052
0985398032
0984563987
0985325339
0984489479
0983067657
0984623836
0988872657
0986490424
0988283519
0983275141
0985772773
0984202045
0983807377
0981300649
0980111745
0989023948
0987889403
0184078549
0984117866
0987809320
0983125212
0984875809
0986990502
0987482364
0988120775
0981283099
0984975946
0987091003
0984329095
0983764133
0984152665
0984349382
0985572838
0986379495
0989951350
0984029803
0983686461
0984994082
0984056526
0989661533
0987467234
0980100743
0984701241
0989390417
0988598450
0985100894
0789032983
0983231174
0980798377
0962771038
0989324887
0989694781
0982697157
0989028903
0987336328
0984066619
0998577682
0989417515
0980431239
0989786042
0989060137
0983445759
0983593120
0396109142
0988526910
0945593160
0988803580
0983304109
0988038824
0983543180
0981702486
0986551328
0986943142
0987375239
0986370387
0987273046
0980787419
0982722553
0983040441
0987482511
0981316842
0983636615
0987024259
0986236684
0980263869
0983302707
0984045630
0988338573
0987691433
0987653329
0982115551
0985577147
0983415415
0980175912
0986973652
0984766908
0988637790
0987295756
0986666545
0988597573
0987331815
0988579433
0985544103
0982656654
0989859061
0983300383
0985581042
0984779297
0985479843
0988578658
0980539315
0989518435
0983706415
0988415177
0984578628
0781664432
0938340494
0985947569
0985992207
0985828828
0987487481
0987630980
0981383649
0987206464
0986986705
0989806047
0988319315
0985581972
0980226599
0988510262
0987380022
0989788481
0988000607
0981745203
0980960430
0988604867
0983502718
0980495621
0985020456
0984599991
0986547093
0986476880
0988654179
0983549196
0982660397
0936201507
0980145676
0983043613
0938699050
0986550981
0985023148
0986001926
0885071568
0989093194
0985683509
0985154769
0985320489
0987080151
0984337018
0984318949
0984865401
0989463492
0986757814
0988104682
0985781411
0988652677
0984870173
0980116311
0965381521
0989204351
0985419161
0984993917
0985585140
0988554386
0985245042
0983697089
0989402967
0989369331
0935336984
0984598434
0984446371
0285222095
0982998345
0989875770
0983759344
0983212428
0987965064
0989724403
0987443476
0984925522
0985024145
0988687957
0984402522
0982917609
0987438426
0935294488
0987215025
0980738301
0984656406
0986886761
0988652356
0985252184
0989846083
0985326884
0988719469
0984225803
0986819673
0398853628
0989592725
0989376262
0983094832
0984280944
0982156578
0983283799
0989404049
0983013075
0985578728
0989797546
0983829624
0986207750
0989265652
0985044699
0980818884
0987298166
0989186356
0985174773
0985892693
0984201833
0988474198
0987455512
0989906532
0985297311
0981405653
0988283274
0980943473
0989825269
0985942054
0981441097
0983481715
0987804941
0982824775
0983307093
0981517952
0982459900
0984788143
0982602998
0886319651
0284413225
0989954554
0986685856
0989370721
0988940249
0986017703
0985178722
0981819266
0987187423
0988765136
0398911355
0987295426
0985550060
0987490236
0986876782
0986479764
0981153129
0983722793
0987346364
0989098894
0982464439
0981627648
0783382882
0387335076
0985180966
0985395903
0986331055
0383694002
0982410841
0984565021
0980293365
0985563804
0987917548
0985658352
0986622451
0986167108
0987846482
0985940895
0987969370
0986805069
0981624827
0980011500
0980620333
0987353748
0983254893
0986523708
0984825775
0986484827
0983026455
0987178610
0985425847
0989338287
0984230366
0984371913
0983841272
0989887757
0983801120
0987987197
0988745849
0983576410
0983317497
0989888176
0989869063
0981005510
0986297005
0980968441
0984395319
0904643438
0987675665
0986973610
0983883111
0983559343
0987302053
0910140268
0989712763
0984365717
0970044177
0987329960
0989567128
0995223512
0989639132
0986422151
0986613870
0987339735
0985024045
0998015978
0982585951
0989171562
0935361679
0980161929
0989168732
0971348922
0985232167
0987806742
0986428802
0913745016
0985022161
0986698003
0984998078
0980967664
0986736952
0933743325
0983794887
0989986440
0986683473
0987399812
0985419651
0983450456
0983076464
0981322060
0991184964
0984433218
0985048559
0985711989
0988525132
0989828711
0981626767
0987137430
0985956612
0988798413
0982712145
0989772727
0906304292
0984810692
0986033597
0989430328
0985797931
0987156471
0989012444
0988567517
0986054789
0980565405
0983642604
0980653631
0984940574
0987684053
0988265703
0980379588
0989737362
0981851396
0985121104
0987879485
0984358170
0980834760
0989049951
0987600323
0983411013
0982039156
0985861410
0984488936
0980627326
0985146302
0987687054
0983021768
0981558947
0981373334
0982907922
0981021581
0986615465
0981499948
0983854308
0986396372
0981687205
0984101261
0987895559
0988881159
0987483257
0986798628
0984647644
0989499746
0988421549
0984237185
0982084308
0981273784
0982313722
0981182797
0986119701
0986982414
0987761750
0988173825
0979986842
0980279694
0989552712
0989718414
